##No.  X  Y  Z  Yaw  Pitch  Roll  Weld_En
207, -0.916, 48.907, 126.575, 0, 0, 0, 0
207, -12.234, 47.505, 126.575, 0, 0, 0, 0
207, -13.167, 47.191, 126.575, 0, 0, 0, 0
207, -23.762, 43.085, 126.575, 0, 0, 0, 0
207, -24.573, 42.437, 126.575, 0, 0, 0, 0
207, -33.854, 35.865, 126.575, 0, 0, 0, 0
207, -41.983, 26.074, 126.575, 0, 0, 0, 0
207, -42.514, 25.188, 126.575, 0, 0, 0, 0
207, -47.649, 13.555, 126.575, 0, 0, 0, 0
207, -47.838, 12.52, 126.575, 0, 0, 0, 0
207, -49.592, -0.059, 126.575, 0, 0, 0, 0
207, -49.406, -1.079, 126.575, 0, 0, 0, 0
207, -47.644, -13.71, 126.575, 0, 0, 0, 0
207, -42.514, -25.332, 126.575, 0, 0, 0, 0
207, -41.983, -26.218, 126.575, 0, 0, 0, 0
207, -33.843, -36.023, 126.575, 0, 0, 0, 0
207, -33.064, -36.648, 126.575, 0, 0, 0, 0
207, -23.779, -43.223, 126.575, 0, 0, 0, 0
207, -13.167, -47.335, 126.575, 0, 0, 0, 0
207, -12.234, -47.649, 126.575, 0, 0, 0, 0
207, -0.916, -49.051, 126.575, 0, 0, 0, 0
207, 0.047, -49.031, 126.575, 0, 0, 0, 0
207, 1.125, -49.051, 126.575, 0, 0, 0, 0
207, 12.446, -47.65, 126.575, 0, 0, 0, 0
207, 13.378, -47.335, 126.575, 0, 0, 0, 0
207, 23.975, -43.229, 126.575, 0, 0, 0, 0
207, 24.786, -42.581, 126.575, 0, 0, 0, 0
207, 34.069, -36.008, 126.575, 0, 0, 0, 0
207, 42.197, -26.217, 126.575, 0, 0, 0, 0
207, 42.727, -25.331, 126.575, 0, 0, 0, 0
207, 47.863, -13.699, 126.575, 0, 0, 0, 0
207, 48.051, -12.663, 126.575, 0, 0, 0, 0
207, 49.806, -0.085, 126.575, 0, 0, 0, 0
207, 49.619, 0.935, 126.575, 0, 0, 0, 0
207, 47.857, 13.566, 126.575, 0, 0, 0, 0
207, 42.727, 25.187, 126.575, 0, 0, 0, 0
207, 42.197, 26.073, 126.575, 0, 0, 0, 0
207, 34.058, 35.878, 126.575, 0, 0, 0, 0
207, 33.278, 36.503, 126.575, 0, 0, 0, 0
207, 23.992, 43.079, 126.575, 0, 0, 0, 0
207, 13.378, 47.192, 126.575, 0, 0, 0, 0
207, 12.445, 47.506, 126.575, 0, 0, 0, 0
207, 1.125, 48.907, 126.575, 0, 0, 0, 0
207, 0.047, 48.887, 126.575, 0, 0, 0, 0
208, -0.545, 49.055, 127.185, 0, 0, 0, 0
208, -12.137, 47.619, 127.185, 0, 0, 0, 0
208, -12.717, 47.424, 127.185, 0, 0, 0, 0
208, -23.582, 43.214, 127.185, 0, 0, 0, 0
208, -24.086, 42.811, 127.185, 0, 0, 0, 0
208, -33.614, 36.064, 127.185, 0, 0, 0, 0
208, -41.959, 26.012, 127.185, 0, 0, 0, 0
208, -42.288, 25.463, 127.185, 0, 0, 0, 0
208, -47.564, 13.512, 127.185, 0, 0, 0, 0
208, -47.681, 12.871, 127.185, 0, 0, 0, 0
208, -49.484, -0.059, 127.185, 0, 0, 0, 0
208, -49.369, -0.69, 127.185, 0, 0, 0, 0
208, -47.559, -13.667, 127.185, 0, 0, 0, 0
208, -42.288, -25.607, 127.185, 0, 0, 0, 0
208, -41.959, -26.156, 127.185, 0, 0, 0, 0
208, -33.602, -36.222, 127.185, 0, 0, 0, 0
208, -33.12, -36.609, 127.185, 0, 0, 0, 0
208, -23.599, -43.351, 127.185, 0, 0, 0, 0
208, -12.717, -47.568, 127.185, 0, 0, 0, 0
208, -12.138, -47.763, 127.185, 0, 0, 0, 0
208, -0.545, -49.199, 127.185, 0, 0, 0, 0
208, 0.067, -49.186, 127.185, 0, 0, 0, 0
208, 0.754, -49.199, 127.185, 0, 0, 0, 0
208, 12.349, -47.764, 127.185, 0, 0, 0, 0
208, 12.928, -47.569, 127.185, 0, 0, 0, 0
208, 23.795, -43.358, 127.185, 0, 0, 0, 0
208, 24.299, -42.955, 127.185, 0, 0, 0, 0
208, 33.829, -36.207, 127.185, 0, 0, 0, 0
208, 42.173, -26.155, 127.185, 0, 0, 0, 0
208, 42.501, -25.607, 127.185, 0, 0, 0, 0
208, 47.777, -13.655, 127.185, 0, 0, 0, 0
208, 47.894, -13.014, 127.185, 0, 0, 0, 0
208, 49.698, -0.085, 127.185, 0, 0, 0, 0
208, 49.582, 0.546, 127.185, 0, 0, 0, 0
208, 47.772, 13.523, 127.185, 0, 0, 0, 0
208, 42.501, 25.463, 127.185, 0, 0, 0, 0
208, 42.173, 26.011, 127.185, 0, 0, 0, 0
208, 33.817, 36.077, 127.185, 0, 0, 0, 0
208, 33.334, 36.464, 127.185, 0, 0, 0, 0
208, 23.812, 43.207, 127.185, 0, 0, 0, 0
208, 12.928, 47.425, 127.185, 0, 0, 0, 0
208, 12.349, 47.62, 127.185, 0, 0, 0, 0
208, 0.754, 49.056, 127.185, 0, 0, 0, 0
208, 0.067, 49.042, 127.185, 0, 0, 0, 0
209, -12.041, 47.733, 127.795, 0, 0, 0, 0
209, -12.266, 47.657, 127.795, 0, 0, 0, 0
209, -23.402, 43.342, 127.795, 0, 0, 0, 0
209, -23.6, 43.184, 127.795, 0, 0, 0, 0
209, -33.373, 36.263, 127.795, 0, 0, 0, 0
209, -41.935, 25.95, 127.795, 0, 0, 0, 0
209, -42.062, 25.739, 127.795, 0, 0, 0, 0
209, -47.479, 13.468, 127.795, 0, 0, 0, 0
209, -47.524, 13.221, 127.795, 0, 0, 0, 0
209, -49.376, -0.059, 127.795, 0, 0, 0, 0
209, -49.332, -0.302, 127.795, 0, 0, 0, 0
209, -47.474, -13.624, 127.795, 0, 0, 0, 0
209, -42.062, -25.883, 127.795, 0, 0, 0, 0
209, -41.935, -26.094, 127.795, 0, 0, 0, 0
209, -33.362, -36.421, 127.795, 0, 0, 0, 0
209, -33.176, -36.57, 127.795, 0, 0, 0, 0
209, -23.418, -43.48, 127.795, 0, 0, 0, 0
209, -12.266, -47.801, 127.795, 0, 0, 0, 0
209, -12.041, -47.877, 127.795, 0, 0, 0, 0
209, -0.168, -49.348, 127.795, 0, 0, 0, 0
209, 0.377, -49.348, 127.795, 0, 0, 0, 0
209, 12.252, -47.878, 127.795, 0, 0, 0, 0
209, 12.478, -47.802, 127.795, 0, 0, 0, 0
209, 23.615, -43.486, 127.795, 0, 0, 0, 0
209, 23.812, -43.328, 127.795, 0, 0, 0, 0
209, 33.588, -36.406, 127.795, 0, 0, 0, 0
209, 42.149, -26.093, 127.795, 0, 0, 0, 0
209, 42.275, -25.882, 127.795, 0, 0, 0, 0
209, 47.692, -13.612, 127.795, 0, 0, 0, 0
209, 47.737, -13.365, 127.795, 0, 0, 0, 0
209, 49.589, -0.085, 127.795, 0, 0, 0, 0
209, 49.545, 0.158, 127.795, 0, 0, 0, 0
209, 47.687, 13.48, 127.795, 0, 0, 0, 0
209, 42.275, 25.738, 127.795, 0, 0, 0, 0
209, 42.149, 25.949, 127.795, 0, 0, 0, 0
209, 33.577, 36.276, 127.795, 0, 0, 0, 0
209, 33.39, 36.425, 127.795, 0, 0, 0, 0
209, 23.631, 43.336, 127.795, 0, 0, 0, 0
209, 12.477, 47.658, 127.795, 0, 0, 0, 0
209, 12.252, 47.734, 127.795, 0, 0, 0, 0
209, 0.377, 49.204, 127.795, 0, 0, 0, 0
209, -0.168, 49.204, 127.795, 0, 0, 0, 0
210, -11.979, 47.821, 128.405, 0, 0, 0, 0
210, -23.226, 43.462, 128.405, 0, 0, 0, 0
210, -23.3, 43.425, 128.405, 0, 0, 0, 0
210, -33.152, 36.449, 128.405, 0, 0, 0, 0
210, -33.209, 36.392, 128.405, 0, 0, 0, 0
210, -41.871, 25.958, 128.405, 0, 0, 0, 0
210, -47.397, 13.461, 128.405, 0, 0, 0, 0
210, -49.288, -0.072, 128.405, 0, 0, 0, 0
210, -47.411, -13.529, 128.405, 0, 0, 0, 0
210, -47.399, -13.6, 128.405, 0, 0, 0, 0
210, -41.871, -26.102, 128.405, 0, 0, 0, 0
210, -33.209, -36.536, 128.405, 0, 0, 0, 0
210, -33.152, -36.592, 128.405, 0, 0, 0, 0
210, -23.3, -43.569, 128.405, 0, 0, 0, 0
210, -23.226, -43.606, 128.405, 0, 0, 0, 0
210, -11.979, -47.965, 128.405, 0, 0, 0, 0
210, 0.105, -49.467, 128.405, 0, 0, 0, 0
210, 12.19, -47.965, 128.405, 0, 0, 0, 0
210, 23.439, -43.606, 128.405, 0, 0, 0, 0
210, 23.513, -43.569, 128.405, 0, 0, 0, 0
210, 33.367, -36.591, 128.405, 0, 0, 0, 0
210, 33.421, -36.536, 128.405, 0, 0, 0, 0
210, 42.085, -26.101, 128.405, 0, 0, 0, 0
210, 47.61, -13.605, 128.405, 0, 0, 0, 0
210, 49.501, -0.072, 128.405, 0, 0, 0, 0
210, 47.61, 13.461, 128.405, 0, 0, 0, 0
210, 42.085, 25.957, 128.405, 0, 0, 0, 0
210, 33.421, 36.393, 128.405, 0, 0, 0, 0
210, 33.367, 36.447, 128.405, 0, 0, 0, 0
210, 23.513, 43.425, 128.405, 0, 0, 0, 0
210, 23.439, 43.462, 128.405, 0, 0, 0, 0
210, 12.181, 47.825, 128.405, 0, 0, 0, 0
210, 12.099, 47.838, 128.405, 0, 0, 0, 0
210, 0.105, 49.323, 128.405, 0, 0, 0, 0
211, -11.144, 47.93, 129.015, 0, 0, 0, 0
211, -12.168, 47.768, 129.015, 0, 0, 0, 0
211, -22.726, 43.676, 129.015, 0, 0, 0, 0
211, -23.649, 43.205, 129.015, 0, 0, 0, 0
211, -32.89, 36.662, 129.015, 0, 0, 0, 0
211, -33.621, 35.931, 129.015, 0, 0, 0, 0
211, -41.756, 26.132, 129.015, 0, 0, 0, 0
211, -42.222, 25.217, 129.015, 0, 0, 0, 0
211, -47.364, 13.569, 129.015, 0, 0, 0, 0
211, -49.126, 0.936, 129.015, 0, 0, 0, 0
211, -49.287, -0.078, 129.015, 0, 0, 0, 0
211, -47.527, -12.694, 129.015, 0, 0, 0, 0
211, -47.366, -13.708, 129.015, 0, 0, 0, 0
211, -42.222, -25.361, 129.015, 0, 0, 0, 0
211, -41.756, -26.276, 129.015, 0, 0, 0, 0
211, -33.621, -36.075, 129.015, 0, 0, 0, 0
211, -32.89, -36.806, 129.015, 0, 0, 0, 0
211, -23.649, -43.349, 129.015, 0, 0, 0, 0
211, -22.726, -43.82, 129.015, 0, 0, 0, 0
211, -12.177, -47.908, 129.015, 0, 0, 0, 0
211, -0.909, -49.304, 129.015, 0, 0, 0, 0
211, 0.115, -49.466, 129.015, 0, 0, 0, 0
211, 11.355, -48.074, 129.015, 0, 0, 0, 0
211, 12.379, -47.912, 129.015, 0, 0, 0, 0
211, 22.938, -43.82, 129.015, 0, 0, 0, 0
211, 23.862, -43.35, 129.015, 0, 0, 0, 0
211, 33.105, -36.805, 129.015, 0, 0, 0, 0
211, 33.834, -36.076, 129.015, 0, 0, 0, 0
211, 41.97, -26.275, 129.015, 0, 0, 0, 0
211, 42.436, -25.36, 129.015, 0, 0, 0, 0
211, 47.578, -13.713, 129.015, 0, 0, 0, 0
211, 49.339, -1.08, 129.015, 0, 0, 0, 0
211, 49.5, -0.066, 129.015, 0, 0, 0, 0
211, 47.74, 12.55, 129.015, 0, 0, 0, 0
211, 47.58, 13.564, 129.015, 0, 0, 0, 0
211, 42.436, 25.216, 129.015, 0, 0, 0, 0
211, 41.97, 26.131, 129.015, 0, 0, 0, 0
211, 33.834, 35.932, 129.015, 0, 0, 0, 0
211, 33.105, 36.661, 129.015, 0, 0, 0, 0
211, 23.862, 43.206, 129.015, 0, 0, 0, 0
211, 22.938, 43.676, 129.015, 0, 0, 0, 0
211, 12.379, 47.768, 129.015, 0, 0, 0, 0
211, 11.355, 47.93, 129.015, 0, 0, 0, 0
211, 0.105, 49.323, 129.015, 0, 0, 0, 0
212, -10.4, 48.022, 129.625, 0, 0, 0, 0
212, -12.366, 47.71, 129.625, 0, 0, 0, 0
212, -22.225, 43.89, 129.625, 0, 0, 0, 0
212, -23.999, 42.986, 129.625, 0, 0, 0, 0
212, -32.627, 36.876, 129.625, 0, 0, 0, 0
212, -34.033, 35.47, 129.625, 0, 0, 0, 0
212, -41.63, 26.319, 129.625, 0, 0, 0, 0
212, -42.529, 24.554, 129.625, 0, 0, 0, 0
212, -47.331, 13.677, 129.625, 0, 0, 0, 0
212, -48.977, 1.879, 129.625, 0, 0, 0, 0
212, -49.287, -0.078, 129.625, 0, 0, 0, 0
212, -47.643, -11.86, 129.625, 0, 0, 0, 0
212, -47.334, -13.816, 129.625, 0, 0, 0, 0
212, -42.53, -24.698, 129.625, 0, 0, 0, 0
212, -41.63, -26.463, 129.625, 0, 0, 0, 0
212, -34.033, -35.614, 129.625, 0, 0, 0, 0
212, -32.627, -37.02, 129.625, 0, 0, 0, 0
212, -23.999, -43.13, 129.625, 0, 0, 0, 0
212, -22.225, -44.034, 129.625, 0, 0, 0, 0
212, -12.376, -47.851, 129.625, 0, 0, 0, 0
212, -1.851, -49.155, 129.625, 0, 0, 0, 0
212, 0.115, -49.466, 129.625, 0, 0, 0, 0
212, 10.611, -48.166, 129.625, 0, 0, 0, 0
212, 12.577, -47.855, 129.625, 0, 0, 0, 0
212, 22.438, -44.034, 129.625, 0, 0, 0, 0
212, 24.212, -43.13, 129.625, 0, 0, 0, 0
212, 32.842, -37.019, 129.625, 0, 0, 0, 0
212, 34.246, -35.615, 129.625, 0, 0, 0, 0
212, 41.844, -26.463, 129.625, 0, 0, 0, 0
212, 42.743, -24.697, 129.625, 0, 0, 0, 0
212, 47.545, -13.821, 129.625, 0, 0, 0, 0
212, 49.19, -2.023, 129.625, 0, 0, 0, 0
212, 49.5, -0.066, 129.625, 0, 0, 0, 0
212, 47.857, 11.715, 129.625, 0, 0, 0, 0
212, 47.547, 13.672, 129.625, 0, 0, 0, 0
212, 42.743, 24.553, 129.625, 0, 0, 0, 0
212, 41.844, 26.319, 129.625, 0, 0, 0, 0
212, 34.246, 35.471, 129.625, 0, 0, 0, 0
212, 32.842, 36.875, 129.625, 0, 0, 0, 0
212, 24.212, 42.986, 129.625, 0, 0, 0, 0
212, 22.438, 43.89, 129.625, 0, 0, 0, 0
212, 12.577, 47.711, 129.625, 0, 0, 0, 0
212, 10.611, 48.022, 129.625, 0, 0, 0, 0
212, 0.105, 49.323, 129.625, 0, 0, 0, 0
213, -9.656, 48.114, 130.235, 0, 0, 0, 0
213, -12.564, 47.653, 130.235, 0, 0, 0, 0
213, -21.724, 44.104, 130.235, 0, 0, 0, 0
213, -24.348, 42.767, 130.235, 0, 0, 0, 0
213, -32.365, 37.09, 130.235, 0, 0, 0, 0
213, -34.446, 35.009, 130.235, 0, 0, 0, 0
213, -41.504, 26.507, 130.235, 0, 0, 0, 0
213, -42.837, 23.891, 130.235, 0, 0, 0, 0
213, -47.298, 13.785, 130.235, 0, 0, 0, 0
213, -48.828, 2.821, 130.235, 0, 0, 0, 0
213, -49.287, -0.078, 130.235, 0, 0, 0, 0
213, -47.76, -11.025, 130.235, 0, 0, 0, 0
213, -47.301, -13.924, 130.235, 0, 0, 0, 0
213, -42.837, -24.035, 130.235, 0, 0, 0, 0
213, -41.504, -26.651, 130.235, 0, 0, 0, 0
213, -34.446, -35.153, 130.235, 0, 0, 0, 0
213, -32.365, -37.234, 130.235, 0, 0, 0, 0
213, -24.348, -42.911, 130.235, 0, 0, 0, 0
213, -21.724, -44.248, 130.235, 0, 0, 0, 0
213, -12.574, -47.794, 130.235, 0, 0, 0, 0
213, -2.793, -49.005, 130.235, 0, 0, 0, 0
213, 0.115, -49.466, 130.235, 0, 0, 0, 0
213, 9.867, -48.259, 130.235, 0, 0, 0, 0
213, 12.776, -47.798, 130.235, 0, 0, 0, 0
213, 21.937, -44.248, 130.235, 0, 0, 0, 0
213, 24.561, -42.911, 130.235, 0, 0, 0, 0
213, 32.58, -37.232, 130.235, 0, 0, 0, 0
213, 34.658, -35.154, 130.235, 0, 0, 0, 0
213, 41.718, -26.65, 130.235, 0, 0, 0, 0
213, 43.051, -24.035, 130.235, 0, 0, 0, 0
213, 47.512, -13.929, 130.235, 0, 0, 0, 0
213, 49.041, -2.965, 130.235, 0, 0, 0, 0
213, 49.5, -0.066, 130.235, 0, 0, 0, 0
213, 47.973, 10.881, 130.235, 0, 0, 0, 0
213, 47.514, 13.78, 130.235, 0, 0, 0, 0
213, 43.051, 23.891, 130.235, 0, 0, 0, 0
213, 41.718, 26.506, 130.235, 0, 0, 0, 0
213, 34.659, 35.01, 130.235, 0, 0, 0, 0
213, 32.58, 37.089, 130.235, 0, 0, 0, 0
213, 24.561, 42.767, 130.235, 0, 0, 0, 0
213, 21.937, 44.104, 130.235, 0, 0, 0, 0
213, 12.776, 47.654, 130.235, 0, 0, 0, 0
213, 9.867, 48.115, 130.235, 0, 0, 0, 0
213, 0.105, 49.323, 130.235, 0, 0, 0, 0
214, -8.911, 48.206, 130.845, 0, 0, 0, 0
214, -12.762, 47.596, 130.845, 0, 0, 0, 0
214, -21.223, 44.317, 130.845, 0, 0, 0, 0
214, -24.698, 42.547, 130.845, 0, 0, 0, 0
214, -32.103, 37.304, 130.845, 0, 0, 0, 0
214, -34.858, 34.549, 130.845, 0, 0, 0, 0
214, -41.378, 26.694, 130.845, 0, 0, 0, 0
214, -43.144, 23.228, 130.845, 0, 0, 0, 0
214, -47.266, 13.893, 130.845, 0, 0, 0, 0
214, -48.678, 3.764, 130.845, 0, 0, 0, 0
214, -49.287, -0.078, 130.845, 0, 0, 0, 0
214, -47.876, -10.191, 130.845, 0, 0, 0, 0
214, -47.268, -14.032, 130.845, 0, 0, 0, 0
214, -43.144, -23.372, 130.845, 0, 0, 0, 0
214, -41.378, -26.838, 130.845, 0, 0, 0, 0
214, -34.858, -34.693, 130.845, 0, 0, 0, 0
214, -32.103, -37.448, 130.845, 0, 0, 0, 0
214, -24.698, -42.691, 130.845, 0, 0, 0, 0
214, -21.223, -44.461, 130.845, 0, 0, 0, 0
214, -12.772, -47.737, 130.845, 0, 0, 0, 0
214, -3.736, -48.856, 130.845, 0, 0, 0, 0
214, 0.115, -49.466, 130.845, 0, 0, 0, 0
214, 9.123, -48.351, 130.845, 0, 0, 0, 0
214, 12.974, -47.741, 130.845, 0, 0, 0, 0
214, 21.436, -44.462, 130.845, 0, 0, 0, 0
214, 24.911, -42.691, 130.845, 0, 0, 0, 0
214, 32.317, -37.446, 130.845, 0, 0, 0, 0
214, 35.071, -34.693, 130.845, 0, 0, 0, 0
214, 41.592, -26.837, 130.845, 0, 0, 0, 0
214, 43.358, -23.372, 130.845, 0, 0, 0, 0
214, 47.479, -14.037, 130.845, 0, 0, 0, 0
214, 48.892, -3.908, 130.845, 0, 0, 0, 0
214, 49.5, -0.066, 130.845, 0, 0, 0, 0
214, 48.09, 10.046, 130.845, 0, 0, 0, 0
214, 47.481, 13.888, 130.845, 0, 0, 0, 0
214, 43.358, 23.228, 130.845, 0, 0, 0, 0
214, 41.592, 26.693, 130.845, 0, 0, 0, 0
214, 35.071, 34.549, 130.845, 0, 0, 0, 0
214, 32.317, 37.302, 130.845, 0, 0, 0, 0
214, 24.911, 42.547, 130.845, 0, 0, 0, 0
214, 21.436, 44.318, 130.845, 0, 0, 0, 0
214, 12.974, 47.597, 130.845, 0, 0, 0, 0
214, 9.123, 48.207, 130.845, 0, 0, 0, 0
214, 0.105, 49.323, 130.845, 0, 0, 0, 0
215, -8.167, 48.298, 131.455, 0, 0, 0, 0
215, -12.961, 47.539, 131.455, 0, 0, 0, 0
215, -20.722, 44.531, 131.455, 0, 0, 0, 0
215, -25.047, 42.328, 131.455, 0, 0, 0, 0
215, -31.84, 37.518, 131.455, 0, 0, 0, 0
215, -35.27, 34.088, 131.455, 0, 0, 0, 0
215, -41.253, 26.881, 131.455, 0, 0, 0, 0
215, -43.452, 22.565, 131.455, 0, 0, 0, 0
215, -47.233, 14.001, 131.455, 0, 0, 0, 0
215, -48.529, 4.706, 131.455, 0, 0, 0, 0
215, -49.287, -0.078, 131.455, 0, 0, 0, 0
215, -47.993, -9.356, 131.455, 0, 0, 0, 0
215, -47.235, -14.14, 131.455, 0, 0, 0, 0
215, -43.452, -22.709, 131.455, 0, 0, 0, 0
215, -41.253, -27.025, 131.455, 0, 0, 0, 0
215, -35.27, -34.232, 131.455, 0, 0, 0, 0
215, -31.84, -37.661, 131.455, 0, 0, 0, 0
215, -25.047, -42.472, 131.455, 0, 0, 0, 0
215, -20.722, -44.675, 131.455, 0, 0, 0, 0
215, -12.97, -47.679, 131.455, 0, 0, 0, 0
215, -4.678, -48.707, 131.455, 0, 0, 0, 0
215, 0.115, -49.466, 131.455, 0, 0, 0, 0
215, 8.379, -48.443, 131.455, 0, 0, 0, 0
215, 13.173, -47.684, 131.455, 0, 0, 0, 0
215, 20.935, -44.675, 131.455, 0, 0, 0, 0
215, 25.26, -42.472, 131.455, 0, 0, 0, 0
215, 32.055, -37.66, 131.455, 0, 0, 0, 0
215, 35.483, -34.232, 131.455, 0, 0, 0, 0
215, 41.466, -27.025, 131.455, 0, 0, 0, 0
215, 43.665, -22.709, 131.455, 0, 0, 0, 0
215, 47.446, -14.145, 131.455, 0, 0, 0, 0
215, 48.742, -4.85, 131.455, 0, 0, 0, 0
215, 49.5, -0.066, 131.455, 0, 0, 0, 0
215, 48.206, 9.212, 131.455, 0, 0, 0, 0
215, 47.448, 13.996, 131.455, 0, 0, 0, 0
215, 43.665, 22.565, 131.455, 0, 0, 0, 0
215, 41.466, 26.881, 131.455, 0, 0, 0, 0
215, 35.483, 34.088, 131.455, 0, 0, 0, 0
215, 32.055, 37.516, 131.455, 0, 0, 0, 0
215, 25.26, 42.328, 131.455, 0, 0, 0, 0
215, 20.935, 44.531, 131.455, 0, 0, 0, 0
215, 13.173, 47.54, 131.455, 0, 0, 0, 0
215, 8.379, 48.299, 131.455, 0, 0, 0, 0
215, 0.105, 49.323, 131.455, 0, 0, 0, 0
216, -7.423, 48.391, 132.065, 0, 0, 0, 0
216, -13.159, 47.482, 132.065, 0, 0, 0, 0
216, -20.222, 44.745, 132.065, 0, 0, 0, 0
216, -25.396, 42.108, 132.065, 0, 0, 0, 0
216, -31.578, 37.731, 132.065, 0, 0, 0, 0
216, -35.682, 33.627, 132.065, 0, 0, 0, 0
216, -41.127, 27.069, 132.065, 0, 0, 0, 0
216, -43.759, 21.902, 132.065, 0, 0, 0, 0
216, -47.2, 14.109, 132.065, 0, 0, 0, 0
216, -48.38, 5.649, 132.065, 0, 0, 0, 0
216, -49.287, -0.078, 132.065, 0, 0, 0, 0
216, -48.109, -8.521, 132.065, 0, 0, 0, 0
216, -47.202, -14.248, 132.065, 0, 0, 0, 0
216, -43.759, -22.046, 132.065, 0, 0, 0, 0
216, -41.127, -27.213, 132.065, 0, 0, 0, 0
216, -35.683, -33.771, 132.065, 0, 0, 0, 0
216, -31.578, -37.875, 132.065, 0, 0, 0, 0
216, -25.397, -42.252, 132.065, 0, 0, 0, 0
216, -20.222, -44.889, 132.065, 0, 0, 0, 0
216, -13.169, -47.622, 132.065, 0, 0, 0, 0
216, -5.62, -48.558, 132.065, 0, 0, 0, 0
216, 0.116, -49.466, 132.065, 0, 0, 0, 0
216, 7.635, -48.535, 132.065, 0, 0, 0, 0
216, 13.371, -47.626, 132.065, 0, 0, 0, 0
216, 20.435, -44.889, 132.065, 0, 0, 0, 0
216, 25.61, -42.252, 132.065, 0, 0, 0, 0
216, 31.792, -37.874, 132.065, 0, 0, 0, 0
216, 35.896, -33.771, 132.065, 0, 0, 0, 0
216, 41.34, -27.212, 132.065, 0, 0, 0, 0
216, 43.973, -22.046, 132.065, 0, 0, 0, 0
216, 47.413, -14.253, 132.065, 0, 0, 0, 0
216, 48.593, -5.793, 132.065, 0, 0, 0, 0
216, 49.5, -0.066, 132.065, 0, 0, 0, 0
216, 48.322, 8.377, 132.065, 0, 0, 0, 0
216, 47.415, 14.104, 132.065, 0, 0, 0, 0
216, 43.973, 21.902, 132.065, 0, 0, 0, 0
216, 41.34, 27.068, 132.065, 0, 0, 0, 0
216, 35.895, 33.627, 132.065, 0, 0, 0, 0
216, 31.792, 37.73, 132.065, 0, 0, 0, 0
216, 25.61, 42.109, 132.065, 0, 0, 0, 0
216, 20.435, 44.745, 132.065, 0, 0, 0, 0
216, 13.371, 47.482, 132.065, 0, 0, 0, 0
216, 7.635, 48.391, 132.065, 0, 0, 0, 0
216, 0.105, 49.323, 132.065, 0, 0, 0, 0
217, -6.679, 48.483, 132.675, 0, 0, 0, 0
217, -13.357, 47.425, 132.675, 0, 0, 0, 0
217, -19.721, 44.959, 132.675, 0, 0, 0, 0
217, -25.746, 41.889, 132.675, 0, 0, 0, 0
217, -31.316, 37.945, 132.675, 0, 0, 0, 0
217, -36.095, 33.166, 132.675, 0, 0, 0, 0
217, -41.001, 27.256, 132.675, 0, 0, 0, 0
217, -44.067, 21.24, 132.675, 0, 0, 0, 0
217, -47.167, 14.217, 132.675, 0, 0, 0, 0
217, -48.23, 6.591, 132.675, 0, 0, 0, 0
217, -49.287, -0.078, 132.675, 0, 0, 0, 0
217, -48.225, -7.687, 132.675, 0, 0, 0, 0
217, -47.169, -14.356, 132.675, 0, 0, 0, 0
217, -44.067, -21.384, 132.675, 0, 0, 0, 0
217, -41.001, -27.4, 132.675, 0, 0, 0, 0
217, -36.095, -33.31, 132.675, 0, 0, 0, 0
217, -31.316, -38.089, 132.675, 0, 0, 0, 0
217, -25.746, -42.033, 132.675, 0, 0, 0, 0
217, -19.721, -45.103, 132.675, 0, 0, 0, 0
217, -13.367, -47.565, 132.675, 0, 0, 0, 0
217, -6.563, -48.408, 132.675, 0, 0, 0, 0
217, 0.116, -49.466, 132.675, 0, 0, 0, 0
217, 6.891, -48.627, 132.675, 0, 0, 0, 0
217, 13.569, -47.569, 132.675, 0, 0, 0, 0
217, 19.934, -45.103, 132.675, 0, 0, 0, 0
217, 25.959, -42.033, 132.675, 0, 0, 0, 0
217, 31.53, -38.088, 132.675, 0, 0, 0, 0
217, 36.308, -33.31, 132.675, 0, 0, 0, 0
217, 41.215, -27.4, 132.675, 0, 0, 0, 0
217, 44.28, -21.383, 132.675, 0, 0, 0, 0
217, 47.38, -14.361, 132.675, 0, 0, 0, 0
217, 48.444, -6.735, 132.675, 0, 0, 0, 0
217, 49.5, -0.066, 132.675, 0, 0, 0, 0
217, 48.439, 7.543, 132.675, 0, 0, 0, 0
217, 47.383, 14.212, 132.675, 0, 0, 0, 0
217, 44.28, 21.239, 132.675, 0, 0, 0, 0
217, 41.215, 27.256, 132.675, 0, 0, 0, 0
217, 36.308, 33.166, 132.675, 0, 0, 0, 0
217, 31.53, 37.944, 132.675, 0, 0, 0, 0
217, 25.959, 41.889, 132.675, 0, 0, 0, 0
217, 19.934, 44.959, 132.675, 0, 0, 0, 0
217, 13.569, 47.425, 132.675, 0, 0, 0, 0
217, 6.89, 48.483, 132.675, 0, 0, 0, 0
217, 0.105, 49.323, 132.675, 0, 0, 0, 0
218, -5.934, 48.575, 133.285, 0, 0, 0, 0
218, -13.556, 47.368, 133.285, 0, 0, 0, 0
218, -19.22, 45.173, 133.285, 0, 0, 0, 0
218, -26.095, 41.67, 133.285, 0, 0, 0, 0
218, -31.053, 38.159, 133.285, 0, 0, 0, 0
218, -36.507, 32.705, 133.285, 0, 0, 0, 0
218, -40.875, 27.444, 133.285, 0, 0, 0, 0
218, -44.374, 20.577, 133.285, 0, 0, 0, 0
218, -47.134, 14.325, 133.285, 0, 0, 0, 0
218, -48.081, 7.534, 133.285, 0, 0, 0, 0
218, -49.287, -0.078, 133.285, 0, 0, 0, 0
218, -48.342, -6.852, 133.285, 0, 0, 0, 0
218, -47.136, -14.464, 133.285, 0, 0, 0, 0
218, -44.374, -20.721, 133.285, 0, 0, 0, 0
218, -40.875, -27.588, 133.285, 0, 0, 0, 0
218, -36.507, -32.849, 133.285, 0, 0, 0, 0
218, -31.053, -38.303, 133.285, 0, 0, 0, 0
218, -26.095, -41.814, 133.285, 0, 0, 0, 0
218, -19.22, -45.317, 133.285, 0, 0, 0, 0
218, -13.565, -47.508, 133.285, 0, 0, 0, 0
218, -7.505, -48.259, 133.285, 0, 0, 0, 0
218, 0.116, -49.466, 133.285, 0, 0, 0, 0
218, 6.146, -48.719, 133.285, 0, 0, 0, 0
218, 13.768, -47.512, 133.285, 0, 0, 0, 0
218, 19.433, -45.317, 133.285, 0, 0, 0, 0
218, 26.309, -41.814, 133.285, 0, 0, 0, 0
218, 31.268, -38.302, 133.285, 0, 0, 0, 0
218, 36.72, -32.849, 133.285, 0, 0, 0, 0
218, 41.089, -27.587, 133.285, 0, 0, 0, 0
218, 44.587, -20.72, 133.285, 0, 0, 0, 0
218, 47.347, -14.469, 133.285, 0, 0, 0, 0
218, 48.294, -7.678, 133.285, 0, 0, 0, 0
218, 49.5, -0.066, 133.285, 0, 0, 0, 0
218, 48.555, 6.708, 133.285, 0, 0, 0, 0
218, 47.35, 14.32, 133.285, 0, 0, 0, 0
218, 44.588, 20.576, 133.285, 0, 0, 0, 0
218, 41.089, 27.443, 133.285, 0, 0, 0, 0
218, 36.72, 32.706, 133.285, 0, 0, 0, 0
218, 31.268, 38.158, 133.285, 0, 0, 0, 0
218, 26.309, 41.67, 133.285, 0, 0, 0, 0
218, 19.433, 45.173, 133.285, 0, 0, 0, 0
218, 13.768, 47.368, 133.285, 0, 0, 0, 0
218, 6.146, 48.575, 133.285, 0, 0, 0, 0
218, 0.106, 49.323, 133.285, 0, 0, 0, 0
219, -5.19, 48.667, 133.895, 0, 0, 0, 0
219, -13.754, 47.311, 133.895, 0, 0, 0, 0
219, -18.719, 45.387, 133.895, 0, 0, 0, 0
219, -26.445, 41.45, 133.895, 0, 0, 0, 0
219, -30.791, 38.373, 133.895, 0, 0, 0, 0
219, -36.919, 32.244, 133.895, 0, 0, 0, 0
219, -40.749, 27.631, 133.895, 0, 0, 0, 0
219, -44.681, 19.914, 133.895, 0, 0, 0, 0
219, -47.101, 14.433, 133.895, 0, 0, 0, 0
219, -47.932, 8.476, 133.895, 0, 0, 0, 0
219, -49.287, -0.078, 133.895, 0, 0, 0, 0
219, -48.458, -6.018, 133.895, 0, 0, 0, 0
219, -47.103, -14.572, 133.895, 0, 0, 0, 0
219, -44.681, -20.058, 133.895, 0, 0, 0, 0
219, -40.749, -27.775, 133.895, 0, 0, 0, 0
219, -36.919, -32.388, 133.895, 0, 0, 0, 0
219, -30.791, -38.517, 133.895, 0, 0, 0, 0
219, -26.445, -41.594, 133.895, 0, 0, 0, 0
219, -18.719, -45.531, 133.895, 0, 0, 0, 0
219, -13.763, -47.451, 133.895, 0, 0, 0, 0
219, -8.448, -48.11, 133.895, 0, 0, 0, 0
219, 0.116, -49.466, 133.895, 0, 0, 0, 0
219, 5.402, -48.811, 133.895, 0, 0, 0, 0
219, 13.966, -47.455, 133.895, 0, 0, 0, 0
219, 18.932, -45.531, 133.895, 0, 0, 0, 0
219, 26.658, -41.594, 133.895, 0, 0, 0, 0
219, 31.005, -38.516, 133.895, 0, 0, 0, 0
219, 37.133, -32.389, 133.895, 0, 0, 0, 0
219, 40.963, -27.774, 133.895, 0, 0, 0, 0
219, 44.895, -20.058, 133.895, 0, 0, 0, 0
219, 47.314, -14.577, 133.895, 0, 0, 0, 0
219, 48.145, -8.62, 133.895, 0, 0, 0, 0
219, 49.5, -0.066, 133.895, 0, 0, 0, 0
219, 48.672, 5.873, 133.895, 0, 0, 0, 0
219, 47.317, 14.427, 133.895, 0, 0, 0, 0
219, 44.895, 19.913, 133.895, 0, 0, 0, 0
219, 40.963, 27.631, 133.895, 0, 0, 0, 0
219, 37.133, 32.245, 133.895, 0, 0, 0, 0
219, 31.005, 38.372, 133.895, 0, 0, 0, 0
219, 26.658, 41.45, 133.895, 0, 0, 0, 0
219, 18.932, 45.387, 133.895, 0, 0, 0, 0
219, 13.966, 47.311, 133.895, 0, 0, 0, 0
219, 5.402, 48.667, 133.895, 0, 0, 0, 0
219, 0.106, 49.323, 133.895, 0, 0, 0, 0
220, -4.446, 48.759, 134.505, 0, 0, 0, 0
220, -13.952, 47.254, 134.505, 0, 0, 0, 0
220, -18.219, 45.6, 134.505, 0, 0, 0, 0
220, -26.794, 41.231, 134.505, 0, 0, 0, 0
220, -30.529, 38.587, 134.505, 0, 0, 0, 0
220, -37.332, 31.783, 134.505, 0, 0, 0, 0
220, -40.624, 27.818, 134.505, 0, 0, 0, 0
220, -44.989, 19.251, 134.505, 0, 0, 0, 0
220, -47.068, 14.541, 134.505, 0, 0, 0, 0
220, -47.783, 9.419, 134.505, 0, 0, 0, 0
220, -49.287, -0.078, 134.505, 0, 0, 0, 0
220, -48.575, -5.183, 134.505, 0, 0, 0, 0
220, -47.071, -14.68, 134.505, 0, 0, 0, 0
220, -44.989, -19.395, 134.505, 0, 0, 0, 0
220, -40.624, -27.962, 134.505, 0, 0, 0, 0
220, -37.332, -31.927, 134.505, 0, 0, 0, 0
220, -30.529, -38.731, 134.505, 0, 0, 0, 0
220, -26.794, -41.375, 134.505, 0, 0, 0, 0
220, -18.219, -45.744, 134.505, 0, 0, 0, 0
220, -13.962, -47.394, 134.505, 0, 0, 0, 0
220, -9.39, -47.961, 134.505, 0, 0, 0, 0
220, 0.116, -49.466, 134.505, 0, 0, 0, 0
220, 4.658, -48.904, 134.505, 0, 0, 0, 0
220, 14.165, -47.398, 134.505, 0, 0, 0, 0
220, 18.432, -45.744, 134.505, 0, 0, 0, 0
220, 27.008, -41.375, 134.505, 0, 0, 0, 0
220, 30.743, -38.73, 134.505, 0, 0, 0, 0
220, 37.545, -31.928, 134.505, 0, 0, 0, 0
220, 40.837, -27.962, 134.505, 0, 0, 0, 0
220, 45.202, -19.395, 134.505, 0, 0, 0, 0
220, 47.282, -14.685, 134.505, 0, 0, 0, 0
220, 47.996, -9.563, 134.505, 0, 0, 0, 0
220, 49.5, -0.066, 134.505, 0, 0, 0, 0
220, 48.788, 5.039, 134.505, 0, 0, 0, 0
220, 47.284, 14.535, 134.505, 0, 0, 0, 0
220, 45.202, 19.251, 134.505, 0, 0, 0, 0
220, 40.837, 27.818, 134.505, 0, 0, 0, 0
220, 37.545, 31.784, 134.505, 0, 0, 0, 0
220, 30.743, 38.586, 134.505, 0, 0, 0, 0
220, 27.008, 41.231, 134.505, 0, 0, 0, 0
220, 18.432, 45.6, 134.505, 0, 0, 0, 0
220, 14.165, 47.254, 134.505, 0, 0, 0, 0
220, 4.658, 48.76, 134.505, 0, 0, 0, 0
220, 0.106, 49.323, 134.505, 0, 0, 0, 0
221, -3.702, 48.852, 135.115, 0, 0, 0, 0
221, -14.15, 47.197, 135.115, 0, 0, 0, 0
221, -17.718, 45.814, 135.115, 0, 0, 0, 0
221, -27.144, 41.011, 135.115, 0, 0, 0, 0
221, -30.266, 38.8, 135.115, 0, 0, 0, 0
221, -37.744, 31.323, 135.115, 0, 0, 0, 0
221, -40.498, 28.006, 135.115, 0, 0, 0, 0
221, -45.296, 18.588, 135.115, 0, 0, 0, 0
221, -47.035, 14.649, 135.115, 0, 0, 0, 0
221, -47.633, 10.362, 135.115, 0, 0, 0, 0
221, -49.287, -0.078, 135.115, 0, 0, 0, 0
221, -48.691, -4.348, 135.115, 0, 0, 0, 0
221, -47.038, -14.787, 135.115, 0, 0, 0, 0
221, -45.296, -18.732, 135.115, 0, 0, 0, 0
221, -40.498, -28.15, 135.115, 0, 0, 0, 0
221, -37.744, -31.467, 135.115, 0, 0, 0, 0
221, -30.266, -38.944, 135.115, 0, 0, 0, 0
221, -27.144, -41.155, 135.115, 0, 0, 0, 0
221, -17.718, -45.958, 135.115, 0, 0, 0, 0
221, -14.16, -47.337, 135.115, 0, 0, 0, 0
221, -10.332, -47.811, 135.115, 0, 0, 0, 0
221, 0.116, -49.466, 135.115, 0, 0, 0, 0
221, 3.914, -48.996, 135.115, 0, 0, 0, 0
221, 14.363, -47.341, 135.115, 0, 0, 0, 0
221, 17.931, -45.958, 135.115, 0, 0, 0, 0
221, 27.357, -41.155, 135.115, 0, 0, 0, 0
221, 30.48, -38.944, 135.115, 0, 0, 0, 0
221, 37.957, -31.467, 135.115, 0, 0, 0, 0
221, 40.711, -28.149, 135.115, 0, 0, 0, 0
221, 45.51, -18.732, 135.115, 0, 0, 0, 0
221, 47.249, -14.793, 135.115, 0, 0, 0, 0
221, 47.847, -10.505, 135.115, 0, 0, 0, 0
221, 49.5, -0.066, 135.115, 0, 0, 0, 0
221, 48.904, 4.204, 135.115, 0, 0, 0, 0
221, 47.251, 14.643, 135.115, 0, 0, 0, 0
221, 45.51, 18.588, 135.115, 0, 0, 0, 0
221, 40.711, 28.005, 135.115, 0, 0, 0, 0
221, 37.957, 31.323, 135.115, 0, 0, 0, 0
221, 30.48, 38.8, 135.115, 0, 0, 0, 0
221, 27.357, 41.011, 135.115, 0, 0, 0, 0
221, 17.931, 45.814, 135.115, 0, 0, 0, 0
221, 14.363, 47.197, 135.115, 0, 0, 0, 0
221, 3.914, 48.852, 135.115, 0, 0, 0, 0
221, 0.106, 49.323, 135.115, 0, 0, 0, 0
222, -2.958, 48.944, 135.725, 0, 0, 0, 0
222, -14.349, 47.14, 135.725, 0, 0, 0, 0
222, -17.217, 46.028, 135.725, 0, 0, 0, 0
222, -27.493, 40.792, 135.725, 0, 0, 0, 0
222, -30.004, 39.014, 135.725, 0, 0, 0, 0
222, -38.156, 30.862, 135.725, 0, 0, 0, 0
222, -40.372, 28.193, 135.725, 0, 0, 0, 0
222, -45.604, 17.925, 135.725, 0, 0, 0, 0
222, -47.003, 14.757, 135.725, 0, 0, 0, 0
222, -47.484, 11.304, 135.725, 0, 0, 0, 0
222, -49.287, -0.078, 135.725, 0, 0, 0, 0
222, -48.807, -3.514, 135.725, 0, 0, 0, 0
222, -47.005, -14.895, 135.725, 0, 0, 0, 0
222, -45.604, -18.069, 135.725, 0, 0, 0, 0
222, -40.372, -28.337, 135.725, 0, 0, 0, 0
222, -38.156, -31.006, 135.725, 0, 0, 0, 0
222, -30.004, -39.158, 135.725, 0, 0, 0, 0
222, -27.493, -40.936, 135.725, 0, 0, 0, 0
222, -17.217, -46.172, 135.725, 0, 0, 0, 0
222, -14.358, -47.28, 135.725, 0, 0, 0, 0
222, -11.275, -47.662, 135.725, 0, 0, 0, 0
222, 0.116, -49.466, 135.725, 0, 0, 0, 0
222, 3.17, -49.088, 135.725, 0, 0, 0, 0
222, 14.561, -47.284, 135.725, 0, 0, 0, 0
222, 17.43, -46.172, 135.725, 0, 0, 0, 0
222, 27.707, -40.936, 135.725, 0, 0, 0, 0
222, 30.218, -39.158, 135.725, 0, 0, 0, 0
222, 38.37, -31.006, 135.725, 0, 0, 0, 0
222, 40.585, -28.337, 135.725, 0, 0, 0, 0
222, 45.817, -18.069, 135.725, 0, 0, 0, 0
222, 47.216, -14.9, 135.725, 0, 0, 0, 0
222, 47.697, -11.448, 135.725, 0, 0, 0, 0
222, 49.5, -0.066, 135.725, 0, 0, 0, 0
222, 49.021, 3.37, 135.725, 0, 0, 0, 0
222, 47.218, 14.751, 135.725, 0, 0, 0, 0
222, 45.817, 17.925, 135.725, 0, 0, 0, 0
222, 40.585, 28.193, 135.725, 0, 0, 0, 0
222, 38.37, 30.862, 135.725, 0, 0, 0, 0
222, 30.218, 39.014, 135.725, 0, 0, 0, 0
222, 27.706, 40.792, 135.725, 0, 0, 0, 0
222, 17.43, 46.028, 135.725, 0, 0, 0, 0
222, 14.561, 47.14, 135.725, 0, 0, 0, 0
222, 3.17, 48.944, 135.725, 0, 0, 0, 0
222, 0.106, 49.323, 135.725, 0, 0, 0, 0
223, -2.213, 49.036, 136.335, 0, 0, 0, 0
223, -14.547, 47.083, 136.335, 0, 0, 0, 0
223, -16.716, 46.242, 136.335, 0, 0, 0, 0
223, -27.843, 40.573, 136.335, 0, 0, 0, 0
223, -29.742, 39.228, 136.335, 0, 0, 0, 0
223, -38.569, 30.401, 136.335, 0, 0, 0, 0
223, -40.246, 28.38, 136.335, 0, 0, 0, 0
223, -45.911, 17.262, 136.335, 0, 0, 0, 0
223, -46.97, 14.865, 136.335, 0, 0, 0, 0
223, -47.335, 12.247, 136.335, 0, 0, 0, 0
223, -49.287, -0.078, 136.335, 0, 0, 0, 0
223, -48.924, -2.679, 136.335, 0, 0, 0, 0
223, -46.972, -15.003, 136.335, 0, 0, 0, 0
223, -45.911, -17.406, 136.335, 0, 0, 0, 0
223, -40.246, -28.524, 136.335, 0, 0, 0, 0
223, -38.569, -30.545, 136.335, 0, 0, 0, 0
223, -29.742, -39.372, 136.335, 0, 0, 0, 0
223, -27.843, -40.717, 136.335, 0, 0, 0, 0
223, -16.716, -46.386, 136.335, 0, 0, 0, 0
223, -14.556, -47.223, 136.335, 0, 0, 0, 0
223, -12.217, -47.513, 136.335, 0, 0, 0, 0
223, 0.116, -49.466, 136.335, 0, 0, 0, 0
223, 2.426, -49.18, 136.335, 0, 0, 0, 0
223, 14.76, -47.227, 136.335, 0, 0, 0, 0
223, 16.93, -46.386, 136.335, 0, 0, 0, 0
223, 28.056, -40.717, 136.335, 0, 0, 0, 0
223, 29.955, -39.372, 136.335, 0, 0, 0, 0
223, 38.782, -30.545, 136.335, 0, 0, 0, 0
223, 40.46, -28.524, 136.335, 0, 0, 0, 0
223, 46.124, -17.406, 136.335, 0, 0, 0, 0
223, 47.183, -15.008, 136.335, 0, 0, 0, 0
223, 47.548, -12.39, 136.335, 0, 0, 0, 0
223, 49.5, -0.066, 136.335, 0, 0, 0, 0
223, 49.137, 2.535, 136.335, 0, 0, 0, 0
223, 47.185, 14.859, 136.335, 0, 0, 0, 0
223, 46.125, 17.262, 136.335, 0, 0, 0, 0
223, 40.46, 28.38, 136.335, 0, 0, 0, 0
223, 38.782, 30.401, 136.335, 0, 0, 0, 0
223, 29.955, 39.228, 136.335, 0, 0, 0, 0
223, 28.056, 40.573, 136.335, 0, 0, 0, 0
223, 16.929, 46.242, 136.335, 0, 0, 0, 0
223, 14.76, 47.083, 136.335, 0, 0, 0, 0
223, 2.426, 49.036, 136.335, 0, 0, 0, 0
223, 0.106, 49.323, 136.335, 0, 0, 0, 0
224, -1.469, 49.128, 136.945, 0, 0, 0, 0
224, -14.745, 47.025, 136.945, 0, 0, 0, 0
224, -16.215, 46.456, 136.945, 0, 0, 0, 0
224, -28.192, 40.353, 136.945, 0, 0, 0, 0
224, -29.479, 39.442, 136.945, 0, 0, 0, 0
224, -38.981, 29.94, 136.945, 0, 0, 0, 0
224, -40.12, 28.568, 136.945, 0, 0, 0, 0
224, -46.219, 16.599, 136.945, 0, 0, 0, 0
224, -46.937, 14.972, 136.945, 0, 0, 0, 0
224, -47.185, 13.189, 136.945, 0, 0, 0, 0
224, -49.287, -0.078, 136.945, 0, 0, 0, 0
224, -49.04, -1.845, 136.945, 0, 0, 0, 0
224, -46.939, -15.111, 136.945, 0, 0, 0, 0
224, -46.219, -16.743, 136.945, 0, 0, 0, 0
224, -40.12, -28.712, 136.945, 0, 0, 0, 0
224, -38.981, -30.084, 136.945, 0, 0, 0, 0
224, -29.479, -39.586, 136.945, 0, 0, 0, 0
224, -28.192, -40.497, 136.945, 0, 0, 0, 0
224, -16.216, -46.6, 136.945, 0, 0, 0, 0
224, -14.755, -47.166, 136.945, 0, 0, 0, 0
224, -13.159, -47.363, 136.945, 0, 0, 0, 0
224, 0.117, -49.466, 136.945, 0, 0, 0, 0
224, 1.682, -49.272, 136.945, 0, 0, 0, 0
224, 14.958, -47.17, 136.945, 0, 0, 0, 0
224, 16.429, -46.6, 136.945, 0, 0, 0, 0
224, 28.405, -40.497, 136.945, 0, 0, 0, 0
224, 29.693, -39.586, 136.945, 0, 0, 0, 0
224, 39.194, -30.084, 136.945, 0, 0, 0, 0
224, 40.334, -28.712, 136.945, 0, 0, 0, 0
224, 46.432, -16.743, 136.945, 0, 0, 0, 0
224, 47.15, -15.116, 136.945, 0, 0, 0, 0
224, 47.399, -13.333, 136.945, 0, 0, 0, 0
224, 49.5, -0.066, 136.945, 0, 0, 0, 0
224, 49.254, 1.701, 136.945, 0, 0, 0, 0
224, 47.152, 14.967, 136.945, 0, 0, 0, 0
224, 46.432, 16.599, 136.945, 0, 0, 0, 0
224, 40.334, 28.568, 136.945, 0, 0, 0, 0
224, 39.194, 29.94, 136.945, 0, 0, 0, 0
224, 29.693, 39.442, 136.945, 0, 0, 0, 0
224, 28.405, 40.353, 136.945, 0, 0, 0, 0
224, 16.429, 46.456, 136.945, 0, 0, 0, 0
224, 14.958, 47.026, 136.945, 0, 0, 0, 0
224, 1.682, 49.128, 136.945, 0, 0, 0, 0
224, 0.106, 49.323, 136.945, 0, 0, 0, 0
225, -0.725, 49.22, 137.555, 0, 0, 0, 0
225, -14.943, 46.968, 137.555, 0, 0, 0, 0
225, -15.715, 46.669, 137.555, 0, 0, 0, 0
225, -28.542, 40.134, 137.555, 0, 0, 0, 0
225, -29.217, 39.656, 137.555, 0, 0, 0, 0
225, -39.393, 29.479, 137.555, 0, 0, 0, 0
225, -39.995, 28.755, 137.555, 0, 0, 0, 0
225, -46.526, 15.936, 137.555, 0, 0, 0, 0
225, -46.904, 15.08, 137.555, 0, 0, 0, 0
225, -47.036, 14.132, 137.555, 0, 0, 0, 0
225, -49.287, -0.078, 137.555, 0, 0, 0, 0
225, -49.157, -1.01, 137.555, 0, 0, 0, 0
225, -46.906, -15.219, 137.555, 0, 0, 0, 0
225, -46.526, -16.08, 137.555, 0, 0, 0, 0
225, -39.995, -28.899, 137.555, 0, 0, 0, 0
225, -39.393, -29.623, 137.555, 0, 0, 0, 0
225, -29.217, -39.8, 137.555, 0, 0, 0, 0
225, -28.542, -40.278, 137.555, 0, 0, 0, 0
225, -15.715, -46.813, 137.555, 0, 0, 0, 0
225, -14.953, -47.109, 137.555, 0, 0, 0, 0
225, -14.102, -47.214, 137.555, 0, 0, 0, 0
225, 0.117, -49.466, 137.555, 0, 0, 0, 0
225, 0.938, -49.364, 137.555, 0, 0, 0, 0
225, 15.156, -47.112, 137.555, 0, 0, 0, 0
225, 15.928, -46.813, 137.555, 0, 0, 0, 0
225, 28.755, -40.278, 137.555, 0, 0, 0, 0
225, 29.43, -39.8, 137.555, 0, 0, 0, 0
225, 39.607, -29.623, 137.555, 0, 0, 0, 0
225, 40.208, -28.899, 137.555, 0, 0, 0, 0
225, 46.739, -16.08, 137.555, 0, 0, 0, 0
225, 47.117, -15.224, 137.555, 0, 0, 0, 0
225, 47.25, -14.275, 137.555, 0, 0, 0, 0
225, 49.5, -0.066, 137.555, 0, 0, 0, 0
225, 49.37, 0.866, 137.555, 0, 0, 0, 0
225, 47.119, 15.075, 137.555, 0, 0, 0, 0
225, 46.739, 15.936, 137.555, 0, 0, 0, 0
225, 40.208, 28.755, 137.555, 0, 0, 0, 0
225, 39.607, 29.479, 137.555, 0, 0, 0, 0
225, 29.43, 39.656, 137.555, 0, 0, 0, 0
225, 28.755, 40.134, 137.555, 0, 0, 0, 0
225, 15.928, 46.669, 137.555, 0, 0, 0, 0
225, 15.156, 46.968, 137.555, 0, 0, 0, 0
225, 0.938, 49.22, 137.555, 0, 0, 0, 0
225, 0.107, 49.323, 137.555, 0, 0, 0, 0
226, 0.02, 49.313, 138.165, 0, 0, 0, 0
226, -15.142, 46.911, 138.165, 0, 0, 0, 0
226, -15.214, 46.883, 138.165, 0, 0, 0, 0
226, -28.891, 39.914, 138.165, 0, 0, 0, 0
226, -28.955, 39.87, 138.165, 0, 0, 0, 0
226, -39.806, 29.018, 138.165, 0, 0, 0, 0
226, -39.869, 28.942, 138.165, 0, 0, 0, 0
226, -46.833, 15.273, 138.165, 0, 0, 0, 0
226, -46.873, 15.183, 138.165, 0, 0, 0, 0
226, -49.287, -0.077, 138.165, 0, 0, 0, 0
226, -49.273, -0.176, 138.165, 0, 0, 0, 0
226, -46.873, -15.327, 138.165, 0, 0, 0, 0
226, -46.833, -15.418, 138.165, 0, 0, 0, 0
226, -39.869, -29.086, 138.165, 0, 0, 0, 0
226, -39.806, -29.162, 138.165, 0, 0, 0, 0
226, -28.955, -40.013, 138.165, 0, 0, 0, 0
226, -28.891, -40.058, 138.165, 0, 0, 0, 0
226, -15.214, -47.027, 138.165, 0, 0, 0, 0
226, -15.142, -47.055, 138.165, 0, 0, 0, 0
226, 0.107, -49.465, 138.165, 0, 0, 0, 0
226, 15.355, -47.055, 138.165, 0, 0, 0, 0
226, 15.427, -47.027, 138.165, 0, 0, 0, 0
226, 29.104, -40.058, 138.165, 0, 0, 0, 0
226, 29.168, -40.013, 138.165, 0, 0, 0, 0
226, 40.019, -29.162, 138.165, 0, 0, 0, 0
226, 40.082, -29.086, 138.165, 0, 0, 0, 0
226, 47.047, -15.418, 138.165, 0, 0, 0, 0
226, 47.087, -15.327, 138.165, 0, 0, 0, 0
226, 49.499, -0.072, 138.165, 0, 0, 0, 0
226, 47.087, 15.183, 138.165, 0, 0, 0, 0
226, 47.047, 15.273, 138.165, 0, 0, 0, 0
226, 40.082, 28.942, 138.165, 0, 0, 0, 0
226, 40.019, 29.018, 138.165, 0, 0, 0, 0
226, 29.168, 39.869, 138.165, 0, 0, 0, 0
226, 29.104, 39.914, 138.165, 0, 0, 0, 0
226, 15.427, 46.883, 138.165, 0, 0, 0, 0
226, 15.355, 46.911, 138.165, 0, 0, 0, 0
226, 0.194, 49.313, 138.165, 0, 0, 0, 0
226, 0.107, 49.323, 138.165, 0, 0, 0, 0
226, 0.02, 49.313, 138.165, 0, 0, 0, 0
226, -15.142, 46.911, 138.165, 0, 0, 0, 0
226, -15.214, 46.883, 138.165, 0, 0, 0, 0
226, -28.891, 39.914, 138.165, 0, 0, 0, 0
226, -28.955, 39.87, 138.165, 0, 0, 0, 0
226, -39.806, 29.018, 138.165, 0, 0, 0, 0
226, -39.869, 28.942, 138.165, 0, 0, 0, 0
226, -46.833, 15.273, 138.165, 0, 0, 0, 0
226, -46.873, 15.183, 138.165, 0, 0, 0, 0
226, -49.287, -0.077, 138.165, 0, 0, 0, 0
226, -49.273, -0.176, 138.165, 0, 0, 0, 0
226, -46.873, -15.327, 138.165, 0, 0, 0, 0
226, -46.833, -15.418, 138.165, 0, 0, 0, 0
226, -39.869, -29.086, 138.165, 0, 0, 0, 0
226, -39.806, -29.162, 138.165, 0, 0, 0, 0
226, -28.955, -40.013, 138.165, 0, 0, 0, 0
226, -28.891, -40.058, 138.165, 0, 0, 0, 0
226, -15.214, -47.027, 138.165, 0, 0, 0, 0
226, -15.142, -47.055, 138.165, 0, 0, 0, 0
226, 0.107, -49.465, 138.165, 0, 0, 0, 0
226, 15.355, -47.055, 138.165, 0, 0, 0, 0
226, 15.427, -47.027, 138.165, 0, 0, 0, 0
226, 29.104, -40.058, 138.165, 0, 0, 0, 0
226, 29.168, -40.013, 138.165, 0, 0, 0, 0
226, 40.019, -29.162, 138.165, 0, 0, 0, 0
226, 40.082, -29.086, 138.165, 0, 0, 0, 0
226, 47.047, -15.418, 138.165, 0, 0, 0, 0
226, 47.087, -15.327, 138.165, 0, 0, 0, 0
226, 49.499, -0.072, 138.165, 0, 0, 0, 0
226, 47.087, 15.183, 138.165, 0, 0, 0, 0
226, 47.047, 15.273, 138.165, 0, 0, 0, 0
226, 40.082, 28.942, 138.165, 0, 0, 0, 0
226, 40.019, 29.018, 138.165, 0, 0, 0, 0
226, 29.168, 39.869, 138.165, 0, 0, 0, 0
226, 29.104, 39.914, 138.165, 0, 0, 0, 0
226, 15.427, 46.883, 138.165, 0, 0, 0, 0
226, 15.355, 46.911, 138.165, 0, 0, 0, 0
226, 0.194, 49.313, 138.165, 0, 0, 0, 0
226, 0.107, 49.323, 138.165, 0, 0, 0, 0
