##No.  X  Y  Z  Yaw  Pitch  Roll  Weld_En
1, 3.907, 46.803, 2.795, 0, 0, 0, 0
1, 3.583, 46.861, 2.795, 0, 0, 0, 1
1, 3.247, 46.9, 2.795, 0, 0, 0, 1
1, 2.612, 47.029, 2.795, 0, 0, 0, 1
1, 1.805, 47.067, 2.795, 0, 0, 0, 1
1, 1.782, 47.066, 2.795, 0, 0, 0, 1
1, 1.03, 46.98, 2.795, 0, 0, 0, 1
1, 0.258, 46.814, 2.795, 0, 0, 0, 1
1, -0.573, 46.433, 2.795, 0, 0, 0, 1
1, -0.582, 46.43, 2.795, 0, 0, 0, 1
1, -1.294, 45.95, 2.795, 0, 0, 0, 1
1, -1.634, 45.636, 2.795, 0, 0, 0, 1
1, -2.312, 44.852, 2.795, 0, 0, 0, 1
1, -2.541, 44.349, 2.795, 0, 0, 0, 1
1, -2.727, 43.996, 2.795, 0, 0, 0, 1
1, -3.065, 43.254, 2.795, 0, 0, 0, 1
1, -3.083, 43.063, 2.795, 0, 0, 0, 1
1, -3.24, 42.434, 2.795, 0, 0, 0, 1
1, -3.248, 42.049, 2.795, 0, 0, 0, 1
1, -3.284, 41.564, 2.795, 0, 0, 0, 1
1, -3.289, 40.607, 2.795, 0, 0, 0, 1
1, -3.286, 2.178, 2.795, 0, 0, 0, 1
1, -3.273, 1.199, 2.795, 0, 0, 0, 1
1, -3.212, -0.213, 2.795, 0, 0, 0, 1
1, -3.152, -0.737, 2.795, 0, 0, 0, 1
1, -3.131, -1.08, 2.795, 0, 0, 0, 1
1, -3.026, -1.687, 2.795, 0, 0, 0, 1
1, -3.009, -1.889, 2.795, 0, 0, 0, 1
1, -2.86, -2.483, 2.795, 0, 0, 0, 1
1, -2.816, -2.594, 2.795, 0, 0, 0, 1
1, -2.568, -3.464, 2.795, 0, 0, 0, 1
1, -2.555, -3.686, 2.795, 0, 0, 0, 1
1, -2.415, -4.292, 2.795, 0, 0, 0, 1
1, -2.298, -5.127, 2.795, 0, 0, 0, 1
1, -2.153, -5.601, 2.795, 0, 0, 0, 1
1, -2.125, -5.801, 2.795, 0, 0, 0, 1
1, -1.883, -6.26, 2.795, 0, 0, 0, 1
1, -1.467, -7.196, 2.795, 0, 0, 0, 1
1, -1.39, -7.658, 2.795, 0, 0, 0, 1
1, -1.315, -7.984, 2.795, 0, 0, 0, 1
1, -1.076, -8.509, 2.795, 0, 0, 0, 1
1, -0.59, -9.123, 2.795, 0, 0, 0, 1
1, -0.511, -9.599, 2.795, 0, 0, 0, 1
1, -0.388, -9.951, 2.795, 0, 0, 0, 1
1, -0.146, -10.451, 2.795, 0, 0, 0, 1
1, 0.394, -11.007, 2.795, 0, 0, 0, 1
1, 0.519, -11.563, 2.795, 0, 0, 0, 1
1, 0.605, -11.789, 2.795, 0, 0, 0, 1
1, 0.908, -12.207, 2.795, 0, 0, 0, 1
1, 1.443, -12.862, 2.795, 0, 0, 0, 1
1, 1.693, -13.439, 2.795, 0, 0, 0, 1
1, 2.296, -13.86, 2.795, 0, 0, 0, 1
1, 2.491, -14.478, 2.795, 0, 0, 0, 1
1, 2.535, -14.568, 2.795, 0, 0, 0, 1
1, 2.606, -14.628, 2.795, 0, 0, 0, 1
1, 3.14, -14.874, 2.795, 0, 0, 0, 1
1, 3.291, -15.406, 2.795, 0, 0, 0, 1
1, 3.418, -15.595, 2.795, 0, 0, 0, 1
1, 3.876, -16.02, 2.795, 0, 0, 0, 1
1, 4.332, -16.568, 2.795, 0, 0, 0, 1
1, 4.569, -16.781, 2.795, 0, 0, 0, 1
1, 4.637, -16.802, 2.795, 0, 0, 0, 1
1, 4.837, -17.021, 2.795, 0, 0, 0, 1
1, 5.058, -17.219, 2.795, 0, 0, 0, 1
1, 5.08, -17.287, 2.795, 0, 0, 0, 1
1, 5.278, -17.504, 2.795, 0, 0, 0, 1
1, 5.496, -17.67, 2.795, 0, 0, 0, 1
1, 5.968, -17.809, 2.795, 0, 0, 0, 1
1, 6.157, -18.284, 2.795, 0, 0, 0, 1
1, 6.273, -18.417, 2.795, 0, 0, 0, 1
1, 6.417, -18.501, 2.795, 0, 0, 0, 1
1, 6.992, -18.676, 2.795, 0, 0, 0, 1
1, 7.313, -19.266, 2.795, 0, 0, 0, 1
1, 7.323, -19.279, 2.795, 0, 0, 0, 1
1, 7.984, -19.542, 2.795, 0, 0, 0, 1
1, 8.501, -20.109, 2.795, 0, 0, 0, 1
1, 9.363, -20.602, 2.795, 0, 0, 0, 1
1, 9.775, -20.686, 2.795, 0, 0, 0, 1
1, 10.086, -21.118, 2.795, 0, 0, 0, 1
1, 10.181, -21.207, 2.795, 0, 0, 0, 1
1, 10.801, -21.397, 2.795, 0, 0, 0, 1
1, 11.399, -21.763, 2.795, 0, 0, 0, 1
1, 11.435, -21.77, 2.795, 0, 0, 0, 1
1, 11.604, -21.889, 2.795, 0, 0, 0, 1
1, 11.768, -21.989, 2.795, 0, 0, 0, 1
1, 11.793, -22.021, 2.795, 0, 0, 0, 1
1, 12.031, -22.189, 2.795, 0, 0, 0, 1
1, 12.693, -22.356, 2.795, 0, 0, 0, 1
1, 13.271, -22.616, 2.795, 0, 0, 0, 1
1, 13.463, -22.644, 2.795, 0, 0, 0, 1
1, 14.077, -23.062, 2.795, 0, 0, 0, 1
1, 14.229, -23.088, 2.795, 0, 0, 0, 1
1, 14.701, -23.254, 2.795, 0, 0, 0, 1
1, 15.107, -23.339, 2.795, 0, 0, 0, 1
1, 15.505, -23.39, 2.795, 0, 0, 0, 1
1, 16.45, -23.736, 2.795, 0, 0, 0, 1
1, 16.984, -23.975, 2.795, 0, 0, 0, 1
1, 17.171, -23.997, 2.795, 0, 0, 0, 1
1, 17.682, -24.148, 2.795, 0, 0, 0, 1
1, 18.072, -24.185, 2.795, 0, 0, 0, 1
1, 18.481, -24.256, 2.795, 0, 0, 0, 1
1, 19.386, -24.338, 2.795, 0, 0, 0, 1
1, 20.021, -24.433, 2.795, 0, 0, 0, 1
1, 20.235, -24.441, 2.795, 0, 0, 0, 1
1, 21.062, -24.556, 2.795, 0, 0, 0, 1
1, 22.01, -24.647, 2.795, 0, 0, 0, 1
1, 22.916, -24.702, 2.795, 0, 0, 0, 1
1, 23.747, -24.671, 2.795, 0, 0, 0, 1
1, 24.799, -24.489, 2.795, 0, 0, 0, 1
1, 25.392, -24.342, 2.795, 0, 0, 0, 1
1, 26.153, -23.964, 2.795, 0, 0, 0, 1
1, 26.227, -23.942, 2.795, 0, 0, 0, 1
1, 26.236, -23.935, 2.795, 0, 0, 0, 1
1, 26.967, -23.43, 2.795, 0, 0, 0, 1
1, 27.29, -23.116, 2.795, 0, 0, 0, 1
1, 27.934, -22.343, 2.795, 0, 0, 0, 1
1, 28.078, -21.991, 2.795, 0, 0, 0, 1
1, 28.31, -21.508, 2.795, 0, 0, 0, 1
1, 28.56, -20.886, 2.795, 0, 0, 0, 1
1, 28.642, -20.714, 2.795, 0, 0, 0, 1
1, 28.644, -20.69, 2.795, 0, 0, 0, 1
1, 28.814, -19.912, 2.795, 0, 0, 0, 1
1, 28.832, -19.085, 2.795, 0, 0, 0, 1
1, 28.825, -18.855, 2.795, 0, 0, 0, 1
1, 28.717, -18.298, 2.795, 0, 0, 0, 1
1, 28.602, -18.109, 2.795, 0, 0, 0, 1
1, 28.37, -17.589, 2.795, 0, 0, 0, 1
1, 28.35, -17.451, 2.795, 0, 0, 0, 1
1, 28.003, -16.589, 2.795, 0, 0, 0, 1
1, 27.5, -16.147, 2.795, 0, 0, 0, 1
1, 27.277, -15.662, 2.795, 0, 0, 0, 1
1, 26.782, -15.428, 2.795, 0, 0, 0, 1
1, 26.375, -14.932, 2.795, 0, 0, 0, 1
1, 25.497, -14.558, 2.795, 0, 0, 0, 1
1, 25.382, -14.54, 2.795, 0, 0, 0, 1
1, 24.952, -14.335, 2.795, 0, 0, 0, 1
1, 24.711, -14.194, 2.795, 0, 0, 0, 1
1, 24.683, -14.191, 2.795, 0, 0, 0, 1
1, 24.124, -14.075, 2.795, 0, 0, 0, 1
1, 23.311, -14.026, 2.795, 0, 0, 0, 1
1, 22.811, -14.013, 2.795, 0, 0, 0, 1
1, 22.335, -13.97, 2.795, 0, 0, 0, 1
1, 21.794, -13.954, 2.795, 0, 0, 0, 1
1, 20.316, -13.802, 2.795, 0, 0, 0, 1
1, 19.619, -13.638, 2.795, 0, 0, 0, 1
1, 19.336, -13.603, 2.795, 0, 0, 0, 1
1, 18.693, -13.319, 2.795, 0, 0, 0, 1
1, 18.559, -13.231, 2.795, 0, 0, 0, 1
1, 18.424, -13.214, 2.795, 0, 0, 0, 1
1, 17.895, -12.938, 2.795, 0, 0, 0, 1
1, 17.545, -12.883, 2.795, 0, 0, 0, 1
1, 17.006, -12.726, 2.795, 0, 0, 0, 1
1, 16.0, -12.25, 2.795, 0, 0, 0, 1
1, 15.594, -11.867, 2.795, 0, 0, 0, 1
1, 15.397, -11.818, 2.795, 0, 0, 0, 1
1, 14.787, -11.57, 2.795, 0, 0, 0, 1
1, 14.179, -11.063, 2.795, 0, 0, 0, 1
1, 13.571, -10.569, 2.795, 0, 0, 0, 1
1, 12.825, -10.073, 2.795, 0, 0, 0, 1
1, 12.382, -9.498, 2.795, 0, 0, 0, 1
1, 11.707, -9.05, 2.795, 0, 0, 0, 1
1, 11.257, -8.315, 2.795, 0, 0, 0, 1
1, 10.951, -8.029, 2.795, 0, 0, 0, 1
1, 10.858, -7.989, 2.795, 0, 0, 0, 1
1, 10.763, -7.854, 2.795, 0, 0, 0, 1
1, 10.639, -7.738, 2.795, 0, 0, 0, 1
1, 10.613, -7.641, 2.795, 0, 0, 0, 1
1, 10.227, -7.091, 2.795, 0, 0, 0, 1
1, 9.869, -6.478, 2.795, 0, 0, 0, 1
1, 9.865, -6.46, 2.795, 0, 0, 0, 1
1, 9.309, -5.884, 2.795, 0, 0, 0, 1
1, 9.024, -4.91, 2.795, 0, 0, 0, 1
1, 8.736, -4.394, 2.795, 0, 0, 0, 1
1, 8.72, -4.284, 2.795, 0, 0, 0, 1
1, 8.645, -4.205, 2.795, 0, 0, 0, 1
1, 8.255, -3.596, 2.795, 0, 0, 0, 1
1, 8.191, -3.224, 2.795, 0, 0, 0, 1
1, 8.017, -2.611, 2.795, 0, 0, 0, 1
1, 7.906, -2.112, 2.795, 0, 0, 0, 1
1, 7.864, -1.663, 2.795, 0, 0, 0, 1
1, 7.698, -1.148, 2.795, 0, 0, 0, 1
1, 7.676, -0.789, 2.795, 0, 0, 0, 1
1, 7.477, -0.103, 2.795, 0, 0, 0, 1
1, 7.467, 0.101, 2.795, 0, 0, 0, 1
1, 7.307, 0.934, 2.795, 0, 0, 0, 1
1, 7.236, 2.012, 2.795, 0, 0, 0, 1
1, 7.217, 3.055, 2.795, 0, 0, 0, 1
1, 7.214, 15.414, 2.795, 0, 0, 0, 1
1, 7.35, 16.486, 2.795, 0, 0, 0, 1
1, 7.53, 17.24, 2.795, 0, 0, 0, 1
1, 9.293, 18.453, 2.795, 0, 0, 0, 1
1, 10.734, 18.613, 2.795, 0, 0, 0, 1
1, 11.821, 18.642, 2.795, 0, 0, 0, 1
1, 22.856, 18.657, 2.795, 0, 0, 0, 1
1, 23.697, 18.703, 2.795, 0, 0, 0, 1
1, 24.187, 18.812, 2.795, 0, 0, 0, 1
1, 24.667, 18.901, 2.795, 0, 0, 0, 1
1, 25.385, 19.098, 2.795, 0, 0, 0, 1
1, 26.017, 19.403, 2.795, 0, 0, 0, 1
1, 26.23, 19.47, 2.795, 0, 0, 0, 1
1, 26.951, 20.0, 2.795, 0, 0, 0, 1
1, 27.351, 20.39, 2.795, 0, 0, 0, 1
1, 27.765, 20.88, 2.795, 0, 0, 0, 1
1, 27.979, 21.152, 2.795, 0, 0, 0, 1
1, 28.331, 21.966, 2.795, 0, 0, 0, 1
1, 28.554, 22.523, 2.795, 0, 0, 0, 1
1, 28.668, 22.77, 2.795, 0, 0, 0, 1
1, 28.671, 22.825, 2.795, 0, 0, 0, 1
1, 28.821, 23.569, 2.795, 0, 0, 0, 1
1, 28.828, 24.405, 2.795, 0, 0, 0, 1
1, 28.821, 24.623, 2.795, 0, 0, 0, 1
1, 28.708, 25.141, 2.795, 0, 0, 0, 1
1, 28.615, 25.282, 2.795, 0, 0, 0, 1
1, 28.348, 25.875, 2.795, 0, 0, 0, 1
1, 28.317, 26.065, 2.795, 0, 0, 0, 1
1, 28.161, 26.488, 2.795, 0, 0, 0, 1
1, 27.987, 26.855, 2.795, 0, 0, 0, 1
1, 27.494, 27.311, 2.795, 0, 0, 0, 1
1, 27.236, 27.795, 2.795, 0, 0, 0, 1
1, 26.757, 28.045, 2.795, 0, 0, 0, 1
1, 26.312, 28.539, 2.795, 0, 0, 0, 1
1, 25.944, 28.706, 2.795, 0, 0, 0, 1
1, 25.528, 28.863, 2.795, 0, 0, 0, 1
1, 25.343, 28.892, 2.795, 0, 0, 0, 1
1, 24.714, 29.164, 2.795, 0, 0, 0, 1
1, 24.585, 29.245, 2.795, 0, 0, 0, 1
1, 24.063, 29.357, 2.795, 0, 0, 0, 1
1, 23.26, 29.394, 2.795, 0, 0, 0, 1
1, 13.246, 29.403, 2.795, 0, 0, 0, 1
1, 10.788, 29.427, 2.795, 0, 0, 0, 1
1, 10.165, 29.462, 2.795, 0, 0, 0, 1
1, 9.555, 29.532, 2.795, 0, 0, 0, 1
1, 8.75, 29.744, 2.795, 0, 0, 0, 1
1, 7.714, 30.58, 2.795, 0, 0, 0, 1
1, 7.49, 31.124, 2.795, 0, 0, 0, 1
1, 7.358, 31.642, 2.795, 0, 0, 0, 1
1, 7.25, 32.291, 2.795, 0, 0, 0, 1
1, 7.219, 33.397, 2.795, 0, 0, 0, 1
1, 7.203, 41.566, 2.795, 0, 0, 0, 1
1, 7.139, 42.435, 2.795, 0, 0, 0, 1
1, 7.017, 43.06, 2.795, 0, 0, 0, 1
1, 6.915, 43.756, 2.795, 0, 0, 0, 1
1, 6.779, 44.044, 2.795, 0, 0, 0, 1
1, 6.268, 44.698, 2.795, 0, 0, 0, 1
1, 6.091, 45.174, 2.795, 0, 0, 0, 1
1, 5.606, 45.478, 2.795, 0, 0, 0, 1
1, 5.304, 45.969, 2.795, 0, 0, 0, 1
1, 4.806, 46.159, 2.795, 0, 0, 0, 1
1, 4.226, 46.66, 2.795, 0, 0, 0, 1
1, 3.907, 46.803, 2.795, 0, 0, 0, 1
1, 2.3, 44.49, 2.795, 0, 0, 0, 0
1, -0.735, 41.456, 2.795, 0, 0, 0, 1
1, -0.739, 40.601, 2.795, 0, 0, 0, 1
1, -0.739, 37.209, 2.795, 0, 0, 0, 1
1, 4.532, 42.48, 2.795, 0, 0, 0, 1
1, 4.607, 42.095, 2.795, 0, 0, 0, 1
1, 4.653, 41.471, 2.795, 0, 0, 0, 1
1, 4.659, 38.364, 2.795, 0, 0, 0, 1
1, -0.739, 32.966, 2.795, 0, 0, 0, 1
1, -0.738, 28.724, 2.795, 0, 0, 0, 1
1, 4.667, 34.13, 2.795, 0, 0, 0, 1
1, 4.669, 33.358, 2.795, 0, 0, 0, 1
1, 4.706, 32.044, 2.795, 0, 0, 0, 1
1, 4.86, 31.117, 2.795, 0, 0, 0, 1
1, 5.063, 30.322, 2.795, 0, 0, 0, 1
1, 5.074, 30.294, 2.795, 0, 0, 0, 1
1, -0.738, 24.482, 2.795, 0, 0, 0, 1
1, -0.738, 20.24, 2.795, 0, 0, 0, 1
1, 6.946, 27.923, 2.795, 0, 0, 0, 1
1, 7.573, 27.417, 2.795, 0, 0, 0, 1
1, 9.083, 27.019, 2.795, 0, 0, 0, 1
1, 9.949, 26.921, 2.795, 0, 0, 0, 1
1, 10.173, 26.908, 2.795, 0, 0, 0, 1
1, -0.737, 15.997, 2.795, 0, 0, 0, 1
1, -0.737, 11.755, 2.795, 0, 0, 0, 1
1, 4.959, 17.45, 2.795, 0, 0, 0, 1
1, 4.837, 16.945, 2.795, 0, 0, 0, 1
1, 4.664, 15.574, 2.795, 0, 0, 0, 1
1, 4.665, 12.914, 2.795, 0, 0, 0, 1
1, -0.737, 7.513, 2.795, 0, 0, 0, 1
1, -0.736, 3.27, 2.795, 0, 0, 0, 1
1, 4.666, 8.672, 2.795, 0, 0, 0, 1
1, 4.667, 4.431, 2.795, 0, 0, 0, 1
1, -0.588, -0.824, 2.795, 0, 0, 0, 1
1, -0.495, -1.359, 2.795, 0, 0, 0, 1
1, -0.485, -1.468, 2.795, 0, 0, 0, 1
1, -0.428, -1.699, 2.795, 0, 0, 0, 1
1, -0.399, -1.771, 2.795, 0, 0, 0, 1
1, -0.04, -3.031, 2.795, 0, 0, 0, 1
1, -0.022, -3.318, 2.795, 0, 0, 0, 1
1, 0.095, -3.827, 2.795, 0, 0, 0, 1
1, 0.164, -4.315, 2.795, 0, 0, 0, 1
1, 4.824, 0.345, 2.795, 0, 0, 0, 1
1, 4.928, -0.199, 2.795, 0, 0, 0, 1
1, 4.943, -0.523, 2.795, 0, 0, 0, 1
1, 5.148, -1.228, 2.795, 0, 0, 0, 1
1, 5.173, -1.625, 2.795, 0, 0, 0, 1
1, 5.351, -2.178, 2.795, 0, 0, 0, 1
1, 5.381, -2.508, 2.795, 0, 0, 0, 1
1, 5.533, -3.189, 2.795, 0, 0, 0, 1
1, 1.308, -7.413, 2.795, 0, 0, 0, 1
1, 1.818, -8.056, 2.795, 0, 0, 0, 1
1, 1.968, -8.964, 2.795, 0, 0, 0, 1
1, 1.97, -8.969, 2.795, 0, 0, 0, 1
1, 2.724, -9.748, 2.795, 0, 0, 0, 1
1, 2.815, -10.149, 2.795, 0, 0, 0, 1
1, 6.749, -6.215, 2.795, 0, 0, 0, 1
1, 7.037, -7.202, 2.795, 0, 0, 0, 1
1, 7.801, -7.993, 2.795, 0, 0, 0, 1
1, 8.08, -8.47, 2.795, 0, 0, 0, 1
1, 8.263, -8.731, 2.795, 0, 0, 0, 1
1, 8.307, -8.9, 2.795, 0, 0, 0, 1
1, 4.581, -12.626, 2.795, 0, 0, 0, 1
1, 4.619, -12.748, 2.795, 0, 0, 0, 1
1, 5.271, -13.048, 2.795, 0, 0, 0, 1
1, 5.576, -14.118, 2.795, 0, 0, 0, 1
1, 5.73, -14.261, 2.795, 0, 0, 0, 1
1, 5.968, -14.547, 2.795, 0, 0, 0, 1
1, 6.057, -14.575, 2.795, 0, 0, 0, 1
1, 6.447, -15.002, 2.795, 0, 0, 0, 1
1, 10.284, -11.166, 2.795, 0, 0, 0, 1
1, 10.619, -11.389, 2.795, 0, 0, 0, 1
1, 11.062, -11.963, 2.795, 0, 0, 0, 1
1, 12.058, -12.626, 2.795, 0, 0, 0, 1
1, 12.578, -13.048, 2.795, 0, 0, 0, 1
1, 12.614, -13.078, 2.795, 0, 0, 0, 1
1, 8.88, -16.812, 2.795, 0, 0, 0, 1
1, 9.118, -17.249, 2.795, 0, 0, 0, 1
1, 9.472, -17.39, 2.795, 0, 0, 0, 1
1, 10.115, -18.095, 2.795, 0, 0, 0, 1
1, 10.274, -18.186, 2.795, 0, 0, 0, 1
1, 11.26, -18.387, 2.795, 0, 0, 0, 1
1, 11.381, -18.554, 2.795, 0, 0, 0, 1
1, 15.229, -14.706, 2.795, 0, 0, 0, 1
1, 16.099, -15.118, 2.795, 0, 0, 0, 1
1, 16.989, -15.377, 2.795, 0, 0, 0, 1
1, 17.084, -15.392, 2.795, 0, 0, 0, 1
1, 17.652, -15.688, 2.795, 0, 0, 0, 1
1, 17.783, -15.705, 2.795, 0, 0, 0, 1
1, 18.261, -15.916, 2.795, 0, 0, 0, 1
1, 14.028, -20.15, 2.795, 0, 0, 0, 1
1, 14.412, -20.205, 2.795, 0, 0, 0, 1
1, 15.152, -20.709, 2.795, 0, 0, 0, 1
1, 15.389, -20.793, 2.795, 0, 0, 0, 1
1, 15.531, -20.823, 2.795, 0, 0, 0, 1
1, 16.112, -20.897, 2.795, 0, 0, 0, 1
1, 17.145, -21.275, 2.795, 0, 0, 0, 1
1, 21.911, -16.509, 2.795, 0, 0, 0, 1
1, 22.182, -16.517, 2.795, 0, 0, 0, 1
1, 22.663, -16.56, 2.795, 0, 0, 0, 1
1, 23.201, -16.574, 2.795, 0, 0, 0, 1
1, 23.786, -16.609, 2.795, 0, 0, 0, 1
1, 23.807, -16.614, 2.795, 0, 0, 0, 1
1, 24.621, -17.003, 2.795, 0, 0, 0, 1
1, 24.791, -17.029, 2.795, 0, 0, 0, 1
1, 24.801, -17.033, 2.795, 0, 0, 0, 1
1, 25.174, -17.488, 2.795, 0, 0, 0, 1
1, 20.727, -21.935, 2.795, 0, 0, 0, 1
1, 21.441, 21.205, 2.795, 0, 0, 0, 0
1, 25.717, 25.481, 2.795, 0, 0, 0, 1
1, 25.446, 25.73, 2.795, 0, 0, 0, 1
1, 25.356, 25.9, 2.795, 0, 0, 0, 1
1, 25.169, 25.998, 2.795, 0, 0, 0, 1
1, 24.812, 26.394, 2.795, 0, 0, 0, 1
1, 24.628, 26.423, 2.795, 0, 0, 0, 1
1, 23.707, 26.821, 2.795, 0, 0, 0, 1
1, 23.201, 26.844, 2.795, 0, 0, 0, 1
1, 22.838, 26.845, 2.795, 0, 0, 0, 1
1, 17.193, 21.2, 2.795, 0, 0, 0, 1
1, 12.945, 21.194, 2.795, 0, 0, 0, 1
1, 18.599, 26.848, 2.795, 0, 0, 0, 1
1, 14.36, 26.852, 2.795, 0, 0, 0, 1
1, 8.431, 20.923, 2.795, 0, 0, 0, 1
1, -45.999, -10.151, 2.795, 0, 0, 0, 0
1, -45.311, -9.165, 2.795, 0, 0, 0, 1
1, -44.719, -8.147, 2.795, 0, 0, 0, 1
1, -43.925, -7.032, 2.795, 0, 0, 0, 1
1, -43.023, -5.954, 2.795, 0, 0, 0, 1
1, -42.504, -5.379, 2.795, 0, 0, 0, 1
1, -41.92, -4.812, 2.795, 0, 0, 0, 1
1, -41.332, -4.319, 2.795, 0, 0, 0, 1
1, -40.111, -3.466, 2.795, 0, 0, 0, 1
1, -38.905, -3.028, 2.795, 0, 0, 0, 1
1, -38.088, -2.751, 2.795, 0, 0, 0, 1
1, -37.729, -2.682, 2.795, 0, 0, 0, 1
1, -36.638, -2.406, 2.795, 0, 0, 0, 1
1, -35.397, -2.318, 2.795, 0, 0, 0, 1
1, -34.103, -2.404, 2.795, 0, 0, 0, 1
1, -33.321, -2.642, 2.795, 0, 0, 0, 1
1, -33.036, -2.665, 2.795, 0, 0, 0, 1
1, -32.433, -2.906, 2.795, 0, 0, 0, 1
1, -32.041, -2.968, 2.795, 0, 0, 0, 1
1, -31.495, -3.134, 2.795, 0, 0, 0, 1
1, -30.951, -3.369, 2.795, 0, 0, 0, 1
1, -30.436, -3.452, 2.795, 0, 0, 0, 1
1, -30.094, -3.931, 2.795, 0, 0, 0, 1
1, -29.97, -4.05, 2.795, 0, 0, 0, 1
1, -29.166, -4.359, 2.795, 0, 0, 0, 1
1, -28.644, -4.979, 2.795, 0, 0, 0, 1
1, -28.128, -5.298, 2.795, 0, 0, 0, 1
1, -27.718, -5.601, 2.795, 0, 0, 0, 1
1, -27.69, -5.607, 2.795, 0, 0, 0, 1
1, -27.492, -5.769, 2.795, 0, 0, 0, 1
1, -27.269, -5.934, 2.795, 0, 0, 0, 1
1, -27.253, -5.964, 2.795, 0, 0, 0, 1
1, -27.111, -6.08, 2.795, 0, 0, 0, 1
1, -26.954, -6.129, 2.795, 0, 0, 0, 1
1, -26.481, -6.242, 2.795, 0, 0, 0, 1
1, -25.613, -6.762, 2.795, 0, 0, 0, 1
1, -25.301, -6.923, 2.795, 0, 0, 0, 1
1, -25.065, -6.957, 2.795, 0, 0, 0, 1
1, -24.644, -7.056, 2.795, 0, 0, 0, 1
1, -24.186, -7.118, 2.795, 0, 0, 0, 1
1, -23.859, -7.14, 2.795, 0, 0, 0, 1
1, -23.194, -7.233, 2.795, 0, 0, 0, 1
1, -22.327, -7.274, 2.795, 0, 0, 0, 1
1, -21.205, -7.222, 2.795, 0, 0, 0, 1
1, -20.556, -7.146, 2.795, 0, 0, 0, 1
1, -20.151, -7.063, 2.795, 0, 0, 0, 1
1, -19.688, -7.003, 2.795, 0, 0, 0, 1
1, -18.924, -6.705, 2.795, 0, 0, 0, 1
1, -18.836, -6.689, 2.795, 0, 0, 0, 1
1, -18.706, -6.614, 2.795, 0, 0, 0, 1
1, -17.988, -6.29, 2.795, 0, 0, 0, 1
1, -17.219, -5.846, 2.795, 0, 0, 0, 1
1, -17.071, -5.784, 2.795, 0, 0, 0, 1
1, -17.008, -5.733, 2.795, 0, 0, 0, 1
1, -16.228, -5.194, 2.795, 0, 0, 0, 1
1, -15.829, -4.832, 2.795, 0, 0, 0, 1
1, -15.364, -4.381, 2.795, 0, 0, 0, 1
1, -14.965, -3.945, 2.795, 0, 0, 0, 1
1, -14.314, -3.111, 2.795, 0, 0, 0, 1
1, -14.132, -2.726, 2.795, 0, 0, 0, 1
1, -13.362, -1.352, 2.795, 0, 0, 0, 1
1, -13.305, -1.069, 2.795, 0, 0, 0, 1
1, -13.108, -0.46, 2.795, 0, 0, 0, 1
1, -12.933, 0.266, 2.795, 0, 0, 0, 1
1, -12.723, 1.365, 2.795, 0, 0, 0, 1
1, -12.647, 2.202, 2.795, 0, 0, 0, 1
1, -12.685, 3.038, 2.795, 0, 0, 0, 1
1, -12.744, 3.27, 2.795, 0, 0, 0, 1
1, -12.842, 3.896, 2.795, 0, 0, 0, 1
1, -13.03, 4.664, 2.795, 0, 0, 0, 1
1, -13.064, 4.984, 2.795, 0, 0, 0, 1
1, -13.149, 5.44, 2.795, 0, 0, 0, 1
1, -13.289, 5.905, 2.795, 0, 0, 0, 1
1, -13.303, 6.022, 2.795, 0, 0, 0, 1
1, -13.595, 6.383, 2.795, 0, 0, 0, 1
1, -14.209, 7.676, 2.795, 0, 0, 0, 1
1, -14.744, 8.156, 2.795, 0, 0, 0, 1
1, -14.978, 8.726, 2.795, 0, 0, 0, 1
1, -15.519, 9.047, 2.795, 0, 0, 0, 1
1, -15.841, 9.611, 2.795, 0, 0, 0, 1
1, -16.428, 9.876, 2.795, 0, 0, 0, 1
1, -16.833, 10.394, 2.795, 0, 0, 0, 1
1, -17.335, 10.617, 2.795, 0, 0, 0, 1
1, -17.867, 10.946, 2.795, 0, 0, 0, 1
1, -17.888, 10.949, 2.795, 0, 0, 0, 1
1, -17.984, 11.017, 2.795, 0, 0, 0, 1
1, -18.295, 11.21, 2.795, 0, 0, 0, 1
1, -18.325, 11.262, 2.795, 0, 0, 0, 1
1, -18.422, 11.332, 2.795, 0, 0, 0, 1
1, -18.619, 11.363, 2.795, 0, 0, 0, 1
1, -19.589, 11.623, 2.795, 0, 0, 0, 1
1, -19.796, 11.645, 2.795, 0, 0, 0, 1
1, -20.617, 11.904, 2.795, 0, 0, 0, 1
1, -20.698, 11.946, 2.795, 0, 0, 0, 1
1, -21.255, 12.071, 2.795, 0, 0, 0, 1
1, -22.319, 12.117, 2.795, 0, 0, 0, 1
1, -23.148, 12.071, 2.795, 0, 0, 0, 1
1, -23.916, 11.921, 2.795, 0, 0, 0, 1
1, -24.044, 11.871, 2.795, 0, 0, 0, 1
1, -25.82, 11.381, 2.795, 0, 0, 0, 1
1, -26.665, 10.975, 2.795, 0, 0, 0, 1
1, -27.536, 10.493, 2.795, 0, 0, 0, 1
1, -28.061, 10.093, 2.795, 0, 0, 0, 1
1, -29.536, 8.9, 2.795, 0, 0, 0, 1
1, -30.64, 8.31, 2.795, 0, 0, 0, 1
1, -31.283, 7.932, 2.795, 0, 0, 0, 1
1, -31.882, 7.629, 2.795, 0, 0, 0, 1
1, -32.274, 7.55, 2.795, 0, 0, 0, 1
1, -33.065, 7.339, 2.795, 0, 0, 0, 1
1, -33.731, 7.227, 2.795, 0, 0, 0, 1
1, -34.929, 7.138, 2.795, 0, 0, 0, 1
1, -35.432, 7.13, 2.795, 0, 0, 0, 1
1, -36.038, 7.17, 2.795, 0, 0, 0, 1
1, -36.563, 7.183, 2.795, 0, 0, 0, 1
1, -37.072, 7.283, 2.795, 0, 0, 0, 1
1, -37.606, 7.322, 2.795, 0, 0, 0, 1
1, -38.108, 7.423, 2.795, 0, 0, 0, 1
1, -38.738, 7.592, 2.795, 0, 0, 0, 1
1, -39.164, 7.67, 2.795, 0, 0, 0, 1
1, -39.773, 8.098, 2.795, 0, 0, 0, 1
1, -39.843, 8.169, 2.795, 0, 0, 0, 1
1, -39.956, 8.19, 2.795, 0, 0, 0, 1
1, -40.516, 8.527, 2.795, 0, 0, 0, 1
1, -40.96, 8.73, 2.795, 0, 0, 0, 1
1, -41.474, 8.893, 2.795, 0, 0, 0, 1
1, -41.942, 9.598, 2.795, 0, 0, 0, 1
1, -42.745, 9.988, 2.795, 0, 0, 0, 1
1, -43.109, 10.809, 2.795, 0, 0, 0, 1
1, -43.779, 11.278, 2.795, 0, 0, 0, 1
1, -43.915, 11.715, 2.795, 0, 0, 0, 1
1, -44.098, 12.073, 2.795, 0, 0, 0, 1
1, -44.409, 12.462, 2.795, 0, 0, 0, 1
1, -44.413, 12.464, 2.795, 0, 0, 0, 1
1, -45.036, 13.252, 2.795, 0, 0, 0, 1
1, -45.277, 13.849, 2.795, 0, 0, 0, 1
1, -45.313, 14.0, 2.795, 0, 0, 0, 1
1, -45.709, 14.369, 2.795, 0, 0, 0, 1
1, -46.139, 15.255, 2.795, 0, 0, 0, 1
1, -46.397, 15.706, 2.795, 0, 0, 0, 1
1, -46.947, 16.249, 2.795, 0, 0, 0, 1
1, -47.184, 16.814, 2.795, 0, 0, 0, 1
1, -47.212, 16.9, 2.795, 0, 0, 0, 1
1, -47.783, 17.296, 2.795, 0, 0, 0, 1
1, -47.949, 17.739, 2.795, 0, 0, 0, 1
1, -48.074, 17.976, 2.795, 0, 0, 0, 1
1, -48.237, 18.116, 2.795, 0, 0, 0, 1
1, -48.386, 18.167, 2.795, 0, 0, 0, 1
1, -48.534, 18.369, 2.795, 0, 0, 0, 1
1, -48.717, 18.524, 2.795, 0, 0, 0, 1
1, -48.757, 18.672, 2.795, 0, 0, 0, 1
1, -48.98, 18.975, 2.795, 0, 0, 0, 1
1, -49.262, 19.239, 2.795, 0, 0, 0, 1
1, -49.309, 19.254, 2.795, 0, 0, 0, 1
1, -49.455, 19.42, 2.795, 0, 0, 0, 1
1, -49.611, 19.565, 2.795, 0, 0, 0, 1
1, -49.624, 19.611, 2.795, 0, 0, 0, 1
1, -49.916, 19.942, 2.795, 0, 0, 0, 1
1, -50.24, 20.234, 2.795, 0, 0, 0, 1
1, -50.281, 20.246, 2.795, 0, 0, 0, 1
1, -50.425, 20.401, 2.795, 0, 0, 0, 1
1, -50.591, 20.55, 2.795, 0, 0, 0, 1
1, -50.604, 20.593, 2.795, 0, 0, 0, 1
1, -50.88, 20.89, 2.795, 0, 0, 0, 1
1, -51.191, 21.132, 2.795, 0, 0, 0, 1
1, -51.305, 21.164, 2.795, 0, 0, 0, 1
1, -51.461, 21.343, 2.795, 0, 0, 0, 1
1, -51.658, 21.496, 2.795, 0, 0, 0, 1
1, -51.697, 21.614, 2.795, 0, 0, 0, 1
1, -51.871, 21.813, 2.795, 0, 0, 0, 1
1, -52.132, 21.969, 2.795, 0, 0, 0, 1
1, -52.495, 22.11, 2.795, 0, 0, 0, 1
1, -52.929, 22.71, 2.795, 0, 0, 0, 1
1, -53.609, 22.992, 2.795, 0, 0, 0, 1
1, -54.054, 23.557, 2.795, 0, 0, 0, 1
1, -54.631, 23.854, 2.795, 0, 0, 0, 1
1, -55.406, 24.488, 2.795, 0, 0, 0, 1
1, -55.408, 24.492, 2.795, 0, 0, 0, 1
1, -55.678, 24.701, 2.795, 0, 0, 0, 1
1, -55.998, 24.832, 2.795, 0, 0, 0, 1
1, -56.456, 24.972, 2.795, 0, 0, 0, 1
1, -56.931, 25.462, 2.795, 0, 0, 0, 1
1, -56.946, 25.481, 2.795, 0, 0, 0, 1
1, -56.977, 25.487, 2.795, 0, 0, 0, 1
1, -58.393, 26.167, 2.795, 0, 0, 0, 1
1, -58.764, 26.509, 2.795, 0, 0, 0, 1
1, -58.896, 26.533, 2.795, 0, 0, 0, 1
1, -59.42, 26.717, 2.795, 0, 0, 0, 1
1, -59.972, 26.963, 2.795, 0, 0, 0, 1
1, -60.227, 27.014, 2.795, 0, 0, 0, 1
1, -60.751, 27.436, 2.795, 0, 0, 0, 1
1, -60.891, 27.456, 2.795, 0, 0, 0, 1
1, -61.377, 27.636, 2.795, 0, 0, 0, 1
1, -61.839, 27.754, 2.795, 0, 0, 0, 1
1, -62.201, 27.817, 2.795, 0, 0, 0, 1
1, -63.042, 28.213, 2.795, 0, 0, 0, 1
1, -63.078, 28.244, 2.795, 0, 0, 0, 1
1, -63.516, 28.455, 2.795, 0, 0, 0, 1
1, -63.797, 28.485, 2.795, 0, 0, 0, 1
1, -64.238, 28.596, 2.795, 0, 0, 0, 1
1, -65.116, 28.713, 2.795, 0, 0, 0, 1
1, -65.775, 28.871, 2.795, 0, 0, 0, 1
1, -65.911, 28.881, 2.795, 0, 0, 0, 1
1, -66.626, 29.06, 2.795, 0, 0, 0, 1
1, -66.783, 29.119, 2.795, 0, 0, 0, 1
1, -67.483, 29.27, 2.795, 0, 0, 0, 1
1, -67.679, 29.279, 2.795, 0, 0, 0, 1
1, -68.321, 29.356, 2.795, 0, 0, 0, 1
1, -69.197, 29.389, 2.795, 0, 0, 0, 1
1, -70.517, 29.383, 2.795, 0, 0, 0, 1
1, -71.168, 29.34, 2.795, 0, 0, 0, 1
1, -71.47, 29.334, 2.795, 0, 0, 0, 1
1, -72.218, 29.244, 2.795, 0, 0, 0, 1
1, -72.418, 29.237, 2.795, 0, 0, 0, 1
1, -73.241, 29.087, 2.795, 0, 0, 0, 1
1, -73.413, 29.037, 2.795, 0, 0, 0, 1
1, -74.355, 28.843, 2.795, 0, 0, 0, 1
1, -74.542, 28.822, 2.795, 0, 0, 0, 1
1, -75.781, 28.565, 2.795, 0, 0, 0, 1
1, -76.252, 28.496, 2.795, 0, 0, 0, 1
1, -77.057, 28.23, 2.795, 0, 0, 0, 1
1, -77.165, 28.216, 2.795, 0, 0, 0, 1
1, -77.379, 28.11, 2.795, 0, 0, 0, 1
1, -78.121, 27.82, 2.795, 0, 0, 0, 1
1, -79.059, 27.539, 2.795, 0, 0, 0, 1
1, -79.979, 27.078, 2.795, 0, 0, 0, 1
1, -80.953, 26.646, 2.795, 0, 0, 0, 1
1, -82.086, 26.012, 2.795, 0, 0, 0, 1
1, -83.481, 25.528, 2.795, 0, 0, 0, 1
1, -84.987, 25.731, 2.795, 0, 0, 0, 1
1, -85.524, 26.856, 2.795, 0, 0, 0, 1
1, -85.76, 27.443, 2.795, 0, 0, 0, 1
1, -85.889, 28.633, 2.795, 0, 0, 0, 1
1, -85.909, 30.486, 2.795, 0, 0, 0, 1
1, -85.91, 40.599, 2.795, 0, 0, 0, 1
1, -85.928, 41.736, 2.795, 0, 0, 0, 1
1, -85.997, 42.33, 2.795, 0, 0, 0, 1
1, -86.05, 42.444, 2.795, 0, 0, 0, 1
1, -86.271, 43.211, 2.795, 0, 0, 0, 1
1, -86.284, 43.35, 2.795, 0, 0, 0, 1
1, -86.578, 44.309, 2.795, 0, 0, 0, 1
1, -86.585, 44.35, 2.795, 0, 0, 0, 1
1, -87.016, 44.743, 2.795, 0, 0, 0, 1
1, -87.125, 45.061, 2.795, 0, 0, 0, 1
1, -87.259, 45.305, 2.795, 0, 0, 0, 1
1, -87.392, 45.423, 2.795, 0, 0, 0, 1
1, -87.452, 45.439, 2.795, 0, 0, 0, 1
1, -87.646, 45.648, 2.795, 0, 0, 0, 1
1, -87.876, 45.852, 2.795, 0, 0, 0, 1
1, -87.893, 45.915, 2.795, 0, 0, 0, 1
1, -87.997, 46.026, 2.795, 0, 0, 0, 1
1, -88.215, 46.132, 2.795, 0, 0, 0, 1
1, -88.56, 46.243, 2.795, 0, 0, 0, 1
1, -88.98, 46.638, 2.795, 0, 0, 0, 1
1, -89.017, 46.678, 2.795, 0, 0, 0, 1
1, -89.468, 46.826, 2.795, 0, 0, 0, 1
1, -89.879, 46.909, 2.795, 0, 0, 0, 1
1, -90.142, 46.932, 2.795, 0, 0, 0, 1
1, -90.809, 47.05, 2.795, 0, 0, 0, 1
1, -91.579, 47.057, 2.795, 0, 0, 0, 1
1, -92.406, 46.942, 2.795, 0, 0, 0, 1
1, -93.15, 46.769, 2.795, 0, 0, 0, 1
1, -93.816, 46.411, 2.795, 0, 0, 0, 1
1, -94.745, 45.772, 2.795, 0, 0, 0, 1
1, -94.858, 45.664, 2.795, 0, 0, 0, 1
1, -95.468, 44.911, 2.795, 0, 0, 0, 1
1, -95.478, 44.884, 2.795, 0, 0, 0, 1
1, -95.973, 44.032, 2.795, 0, 0, 0, 1
1, -96.252, 43.218, 2.795, 0, 0, 0, 1
1, -96.487, 42.4, 2.795, 0, 0, 0, 1
1, -96.492, 42.252, 2.795, 0, 0, 0, 1
1, -96.561, 41.543, 2.795, 0, 0, 0, 1
1, -96.57, 40.604, 2.795, 0, 0, 0, 1
1, -96.569, 3.184, 2.795, 0, 0, 0, 1
1, -96.559, 1.842, 2.795, 0, 0, 0, 1
1, -96.528, 0.91, 2.795, 0, 0, 0, 1
1, -96.467, 0.033, 2.795, 0, 0, 0, 1
1, -96.367, -0.755, 2.795, 0, 0, 0, 1
1, -96.238, -1.347, 2.795, 0, 0, 0, 1
1, -96.003, -2.491, 2.795, 0, 0, 0, 1
1, -95.992, -2.712, 2.795, 0, 0, 0, 1
1, -95.875, -3.325, 2.795, 0, 0, 0, 1
1, -95.773, -4.186, 2.795, 0, 0, 0, 1
1, -95.66, -4.638, 2.795, 0, 0, 0, 1
1, -95.625, -4.917, 2.795, 0, 0, 0, 1
1, -95.408, -5.439, 2.795, 0, 0, 0, 1
1, -95.396, -5.456, 2.795, 0, 0, 0, 1
1, -95.002, -6.288, 2.795, 0, 0, 0, 1
1, -94.962, -6.651, 2.795, 0, 0, 0, 1
1, -94.691, -7.613, 2.795, 0, 0, 0, 1
1, -94.661, -7.783, 2.795, 0, 0, 0, 1
1, -94.392, -8.202, 2.795, 0, 0, 0, 1
1, -93.932, -9.081, 2.795, 0, 0, 0, 1
1, -93.753, -9.79, 2.795, 0, 0, 0, 1
1, -93.614, -9.989, 2.795, 0, 0, 0, 1
1, -93.593, -10.004, 2.795, 0, 0, 0, 1
1, -93.463, -10.203, 2.795, 0, 0, 0, 1
1, -93.324, -10.402, 2.795, 0, 0, 0, 1
1, -93.32, -10.424, 2.795, 0, 0, 0, 1
1, -92.965, -10.972, 2.795, 0, 0, 0, 1
1, -92.768, -11.555, 2.795, 0, 0, 0, 1
1, -92.752, -11.613, 2.795, 0, 0, 0, 1
1, -92.723, -11.642, 2.795, 0, 0, 0, 1
1, -92.216, -11.998, 2.795, 0, 0, 0, 1
1, -92.113, -12.491, 2.795, 0, 0, 0, 1
1, -91.948, -12.801, 2.795, 0, 0, 0, 1
1, -91.643, -13.262, 2.795, 0, 0, 0, 1
1, -91.078, -13.818, 2.795, 0, 0, 0, 1
1, -90.816, -14.416, 2.795, 0, 0, 0, 1
1, -90.198, -14.812, 2.795, 0, 0, 0, 1
1, -89.967, -15.448, 2.795, 0, 0, 0, 1
1, -89.948, -15.486, 2.795, 0, 0, 0, 1
1, -89.922, -15.504, 2.795, 0, 0, 0, 1
1, -89.305, -15.784, 2.795, 0, 0, 0, 1
1, -89.085, -16.4, 2.795, 0, 0, 0, 1
1, -89.036, -16.478, 2.795, 0, 0, 0, 1
1, -88.963, -16.529, 2.795, 0, 0, 0, 1
1, -88.365, -16.758, 2.795, 0, 0, 0, 1
1, -88.13, -17.359, 2.795, 0, 0, 0, 1
1, -88.082, -17.429, 2.795, 0, 0, 0, 1
1, -88.011, -17.471, 2.795, 0, 0, 0, 1
1, -87.398, -17.693, 2.795, 0, 0, 0, 1
1, -87.093, -18.319, 2.795, 0, 0, 0, 1
1, -87.081, -18.337, 2.795, 0, 0, 0, 1
1, -87.055, -18.35, 2.795, 0, 0, 0, 1
1, -86.409, -18.602, 2.795, 0, 0, 0, 1
1, -86.014, -19.193, 2.795, 0, 0, 0, 1
1, -85.45, -19.48, 2.795, 0, 0, 0, 1
1, -84.837, -20.003, 2.795, 0, 0, 0, 1
1, -84.396, -20.342, 2.795, 0, 0, 0, 1
1, -84.153, -20.452, 2.795, 0, 0, 0, 1
1, -83.642, -20.574, 2.795, 0, 0, 0, 1
1, -83.155, -21.125, 2.795, 0, 0, 0, 1
1, -83.138, -21.13, 2.795, 0, 0, 0, 1
1, -82.605, -21.364, 2.795, 0, 0, 0, 1
1, -82.161, -21.582, 2.795, 0, 0, 0, 1
1, -81.793, -21.646, 2.795, 0, 0, 0, 1
1, -81.428, -22.033, 2.795, 0, 0, 0, 1
1, -81.318, -22.127, 2.795, 0, 0, 0, 1
1, -81.199, -22.154, 2.795, 0, 0, 0, 1
1, -80.249, -22.502, 2.795, 0, 0, 0, 1
1, -79.878, -22.556, 2.795, 0, 0, 0, 1
1, -79.285, -22.997, 2.795, 0, 0, 0, 1
1, -79.195, -23.012, 2.795, 0, 0, 0, 1
1, -78.708, -23.215, 2.795, 0, 0, 0, 1
1, -77.908, -23.358, 2.795, 0, 0, 0, 1
1, -77.29, -23.564, 2.795, 0, 0, 0, 1
1, -77.091, -23.584, 2.795, 0, 0, 0, 1
1, -76.396, -23.923, 2.795, 0, 0, 0, 1
1, -76.273, -23.939, 2.795, 0, 0, 0, 1
1, -75.729, -24.114, 2.795, 0, 0, 0, 1
1, -75.372, -24.149, 2.795, 0, 0, 0, 1
1, -74.941, -24.237, 2.795, 0, 0, 0, 1
1, -74.066, -24.318, 2.795, 0, 0, 0, 1
1, -73.449, -24.405, 2.795, 0, 0, 0, 1
1, -73.2, -24.415, 2.795, 0, 0, 0, 1
1, -72.397, -24.531, 2.795, 0, 0, 0, 1
1, -71.443, -24.627, 2.795, 0, 0, 0, 1
1, -70.534, -24.695, 2.795, 0, 0, 0, 1
1, -69.591, -24.713, 2.795, 0, 0, 0, 1
1, -68.668, -24.663, 2.795, 0, 0, 0, 1
1, -67.623, -24.569, 2.795, 0, 0, 0, 1
1, -66.71, -24.447, 2.795, 0, 0, 0, 1
1, -66.476, -24.427, 2.795, 0, 0, 0, 1
1, -65.793, -24.331, 2.795, 0, 0, 0, 1
1, -65.345, -24.244, 2.795, 0, 0, 0, 1
1, -64.841, -24.185, 2.795, 0, 0, 0, 1
1, -64.148, -23.98, 2.795, 0, 0, 0, 1
1, -63.922, -23.951, 2.795, 0, 0, 0, 1
1, -63.424, -23.747, 2.795, 0, 0, 0, 1
1, -62.983, -23.589, 2.795, 0, 0, 0, 1
1, -62.012, -23.319, 2.795, 0, 0, 0, 1
1, -61.299, -23.026, 2.795, 0, 0, 0, 1
1, -61.067, -22.972, 2.795, 0, 0, 0, 1
1, -60.751, -22.795, 2.795, 0, 0, 0, 1
1, -60.123, -22.513, 2.795, 0, 0, 0, 1
1, -59.618, -22.292, 2.795, 0, 0, 0, 1
1, -59.159, -22.132, 2.795, 0, 0, 0, 1
1, -58.675, -21.831, 2.795, 0, 0, 0, 1
1, -58.22, -21.578, 2.795, 0, 0, 0, 1
1, -57.677, -21.29, 2.795, 0, 0, 0, 1
1, -57.242, -21.1, 2.795, 0, 0, 0, 1
1, -56.902, -20.858, 2.795, 0, 0, 0, 1
1, -56.302, -20.496, 2.795, 0, 0, 0, 1
1, -55.31, -19.827, 2.795, 0, 0, 0, 1
1, -54.369, -19.23, 2.795, 0, 0, 0, 1
1, -53.992, -18.917, 2.795, 0, 0, 0, 1
1, -53.427, -18.484, 2.795, 0, 0, 0, 1
1, -52.471, -17.658, 2.795, 0, 0, 0, 1
1, -51.5, -16.77, 2.795, 0, 0, 0, 1
1, -50.532, -15.822, 2.795, 0, 0, 0, 1
1, -49.773, -15.025, 2.795, 0, 0, 0, 1
1, -48.585, -13.697, 2.795, 0, 0, 0, 1
1, -48.049, -13.066, 2.795, 0, 0, 0, 1
1, -47.291, -12.118, 2.795, 0, 0, 0, 1
1, -46.651, -11.172, 2.795, 0, 0, 0, 1
1, -45.999, -10.151, 2.795, 0, 0, 0, 1
1, -55.042, -5.607, 2.795, 0, 0, 0, 0
1, -56.292, -7.524, 2.795, 0, 0, 0, 1
1, -56.575, -7.869, 2.795, 0, 0, 0, 1
1, -57.376, -8.918, 2.795, 0, 0, 0, 1
1, -58.537, -10.087, 2.795, 0, 0, 0, 1
1, -59.574, -10.892, 2.795, 0, 0, 0, 1
1, -59.905, -11.173, 2.795, 0, 0, 0, 1
1, -61.821, -12.448, 2.795, 0, 0, 0, 1
1, -62.925, -12.903, 2.795, 0, 0, 0, 1
1, -63.979, -13.405, 2.795, 0, 0, 0, 1
1, -65.168, -13.799, 2.795, 0, 0, 0, 1
1, -67.011, -14.145, 2.795, 0, 0, 0, 1
1, -67.386, -14.172, 2.795, 0, 0, 0, 1
1, -68.205, -14.298, 2.795, 0, 0, 0, 1
1, -69.547, -14.366, 2.795, 0, 0, 0, 1
1, -70.692, -14.335, 2.795, 0, 0, 0, 1
1, -71.434, -14.234, 2.795, 0, 0, 0, 1
1, -71.766, -14.222, 2.795, 0, 0, 0, 1
1, -72.377, -14.085, 2.795, 0, 0, 0, 1
1, -72.808, -14.06, 2.795, 0, 0, 0, 1
1, -73.296, -13.937, 2.795, 0, 0, 0, 1
1, -73.79, -13.888, 2.795, 0, 0, 0, 1
1, -74.271, -13.803, 2.795, 0, 0, 0, 1
1, -74.922, -13.61, 2.795, 0, 0, 0, 1
1, -75.243, -13.559, 2.795, 0, 0, 0, 1
1, -75.79, -13.227, 2.795, 0, 0, 0, 1
1, -75.922, -13.12, 2.795, 0, 0, 0, 1
1, -76.065, -13.099, 2.795, 0, 0, 0, 1
1, -76.583, -12.829, 2.795, 0, 0, 0, 1
1, -77.531, -12.569, 2.795, 0, 0, 0, 1
1, -78.174, -12.035, 2.795, 0, 0, 0, 1
1, -78.181, -12.034, 2.795, 0, 0, 0, 1
1, -78.753, -11.666, 2.795, 0, 0, 0, 1
1, -79.65, -11.196, 2.795, 0, 0, 0, 1
1, -80.053, -10.666, 2.795, 0, 0, 0, 1
1, -80.836, -10.322, 2.795, 0, 0, 0, 1
1, -81.216, -9.686, 2.795, 0, 0, 0, 1
1, -81.25, -9.619, 2.795, 0, 0, 0, 1
1, -81.32, -9.586, 2.795, 0, 0, 0, 1
1, -81.994, -9.192, 2.795, 0, 0, 0, 1
1, -82.315, -8.453, 2.795, 0, 0, 0, 1
1, -82.995, -8.011, 2.795, 0, 0, 0, 1
1, -83.164, -7.486, 2.795, 0, 0, 0, 1
1, -83.321, -7.148, 2.795, 0, 0, 0, 1
1, -83.654, -6.742, 2.795, 0, 0, 0, 1
1, -83.664, -6.736, 2.795, 0, 0, 0, 1
1, -83.698, -6.688, 2.795, 0, 0, 0, 1
1, -83.776, -6.592, 2.795, 0, 0, 0, 1
1, -83.781, -6.572, 2.795, 0, 0, 0, 1
1, -84.269, -5.887, 2.795, 0, 0, 0, 1
1, -84.46, -5.306, 2.795, 0, 0, 0, 1
1, -84.52, -5.026, 2.795, 0, 0, 0, 1
1, -84.849, -4.58, 2.795, 0, 0, 0, 1
1, -84.912, -4.496, 2.795, 0, 0, 0, 1
1, -84.92, -4.438, 2.795, 0, 0, 0, 1
1, -85.324, -3.629, 2.795, 0, 0, 0, 1
1, -85.507, -2.653, 2.795, 0, 0, 0, 1
1, -85.656, -2.163, 2.795, 0, 0, 0, 1
1, -85.688, -1.776, 2.795, 0, 0, 0, 1
1, -85.908, -1.184, 2.795, 0, 0, 0, 1
1, -85.924, -0.944, 2.795, 0, 0, 0, 1
1, -86.151, -0.221, 2.795, 0, 0, 0, 1
1, -86.293, 0.867, 2.795, 0, 0, 0, 1
1, -86.35, 2.157, 2.795, 0, 0, 0, 1
1, -86.316, 3.283, 2.795, 0, 0, 0, 1
1, -86.189, 4.448, 2.795, 0, 0, 0, 1
1, -85.95, 5.446, 2.795, 0, 0, 0, 1
1, -85.93, 5.665, 2.795, 0, 0, 0, 1
1, -85.683, 6.556, 2.795, 0, 0, 0, 1
1, -85.586, 7.064, 2.795, 0, 0, 0, 1
1, -85.423, 7.698, 2.795, 0, 0, 0, 1
1, -84.918, 8.938, 2.795, 0, 0, 0, 1
1, -84.429, 9.934, 2.795, 0, 0, 0, 1
1, -83.9, 10.924, 2.795, 0, 0, 0, 1
1, -83.787, 11.076, 2.795, 0, 0, 0, 1
1, -83.675, 11.277, 2.795, 0, 0, 0, 1
1, -83.106, 12.151, 2.795, 0, 0, 0, 1
1, -82.782, 12.557, 2.795, 0, 0, 0, 1
1, -82.168, 13.277, 2.795, 0, 0, 0, 1
1, -81.705, 13.784, 2.795, 0, 0, 0, 1
1, -81.114, 14.376, 2.795, 0, 0, 0, 1
1, -80.614, 14.839, 2.795, 0, 0, 0, 1
1, -79.889, 15.463, 2.795, 0, 0, 0, 1
1, -79.501, 15.772, 2.795, 0, 0, 0, 1
1, -78.614, 16.378, 2.795, 0, 0, 0, 1
1, -78.419, 16.489, 2.795, 0, 0, 0, 1
1, -78.267, 16.599, 2.795, 0, 0, 0, 1
1, -76.317, 17.615, 2.795, 0, 0, 0, 1
1, -76.088, 17.721, 2.795, 0, 0, 0, 1
1, -75.054, 18.093, 2.795, 0, 0, 0, 1
1, -74.475, 18.261, 2.795, 0, 0, 0, 1
1, -73.935, 18.367, 2.795, 0, 0, 0, 1
1, -73.095, 18.607, 2.795, 0, 0, 0, 1
1, -72.86, 18.639, 2.795, 0, 0, 0, 1
1, -72.177, 18.806, 2.795, 0, 0, 0, 1
1, -71.804, 18.883, 2.795, 0, 0, 0, 1
1, -70.662, 19.002, 2.795, 0, 0, 0, 1
1, -69.357, 19.027, 2.795, 0, 0, 0, 1
1, -68.274, 18.97, 2.795, 0, 0, 0, 1
1, -67.212, 18.809, 2.795, 0, 0, 0, 1
1, -66.496, 18.587, 2.795, 0, 0, 0, 1
1, -66.239, 18.565, 2.795, 0, 0, 0, 1
1, -65.656, 18.366, 2.795, 0, 0, 0, 1
1, -65.273, 18.321, 2.795, 0, 0, 0, 1
1, -64.251, 18.063, 2.795, 0, 0, 0, 1
1, -63.789, 17.999, 2.795, 0, 0, 0, 1
1, -63.059, 17.541, 2.795, 0, 0, 0, 1
1, -63.053, 17.536, 2.795, 0, 0, 0, 1
1, -62.999, 17.526, 2.795, 0, 0, 0, 1
1, -62.431, 17.192, 2.795, 0, 0, 0, 1
1, -62.124, 17.095, 2.795, 0, 0, 0, 1
1, -61.529, 16.948, 2.795, 0, 0, 0, 1
1, -60.92, 16.383, 2.795, 0, 0, 0, 1
1, -60.903, 16.378, 2.795, 0, 0, 0, 1
1, -59.927, 15.753, 2.795, 0, 0, 0, 1
1, -59.404, 15.63, 2.795, 0, 0, 0, 1
1, -59.188, 15.126, 2.795, 0, 0, 0, 1
1, -59.045, 14.966, 2.795, 0, 0, 0, 1
1, -58.874, 14.861, 2.795, 0, 0, 0, 1
1, -58.227, 14.643, 2.795, 0, 0, 0, 1
1, -57.972, 13.997, 2.795, 0, 0, 0, 1
1, -57.888, 13.87, 2.795, 0, 0, 0, 1
1, -57.768, 13.783, 2.795, 0, 0, 0, 1
1, -57.147, 13.524, 2.795, 0, 0, 0, 1
1, -56.961, 12.901, 2.795, 0, 0, 0, 1
1, -56.822, 12.675, 2.795, 0, 0, 0, 1
1, -56.549, 12.381, 2.795, 0, 0, 0, 1
1, -56.485, 12.346, 2.795, 0, 0, 0, 1
1, -56.378, 12.198, 2.795, 0, 0, 0, 1
1, -56.199, 12.005, 2.795, 0, 0, 0, 1
1, -56.179, 11.921, 2.795, 0, 0, 0, 1
1, -55.817, 11.419, 2.795, 0, 0, 0, 1
1, -55.517, 10.784, 2.795, 0, 0, 0, 1
1, -55.501, 10.726, 2.795, 0, 0, 0, 1
1, -54.925, 10.182, 2.795, 0, 0, 0, 1
1, -54.832, 9.653, 2.795, 0, 0, 0, 1
1, -54.444, 8.648, 2.795, 0, 0, 0, 1
1, -54.411, 8.471, 2.795, 0, 0, 0, 1
1, -53.977, 7.812, 2.795, 0, 0, 0, 1
1, -53.95, 7.562, 2.795, 0, 0, 0, 1
1, -53.71, 6.887, 2.795, 0, 0, 0, 1
1, -53.581, 5.901, 2.795, 0, 0, 0, 1
1, -53.473, 5.417, 2.795, 0, 0, 0, 1
1, -53.442, 4.966, 2.795, 0, 0, 0, 1
1, -53.316, 4.379, 2.795, 0, 0, 0, 1
1, -53.302, 4.009, 2.795, 0, 0, 0, 1
1, -53.207, 3.307, 2.795, 0, 0, 0, 1
1, -53.165, 2.173, 2.795, 0, 0, 0, 1
1, -53.173, 1.917, 2.795, 0, 0, 0, 1
1, -53.24, 0.76, 2.795, 0, 0, 0, 1
1, -53.353, -0.035, 2.795, 0, 0, 0, 1
1, -53.396, -0.473, 2.795, 0, 0, 0, 1
1, -53.528, -1.127, 2.795, 0, 0, 0, 1
1, -53.622, -1.751, 2.795, 0, 0, 0, 1
1, -53.73, -2.252, 2.795, 0, 0, 0, 1
1, -54.082, -3.438, 2.795, 0, 0, 0, 1
1, -54.607, -4.51, 2.795, 0, 0, 0, 1
1, -55.042, -5.607, 2.795, 0, 0, 0, 1
1, -50.789, -0.113, 2.795, 0, 0, 0, 0
1, -43.436, 7.239, 2.795, 0, 0, 0, 1
1, -43.681, 7.608, 2.795, 0, 0, 0, 1
1, -44.697, 8.101, 2.795, 0, 0, 0, 1
1, -45.153, 9.127, 2.795, 0, 0, 0, 1
1, -45.528, 9.39, 2.795, 0, 0, 0, 1
1, -50.75, 4.168, 2.795, 0, 0, 0, 1
1, -50.758, 4.229, 2.795, 0, 0, 0, 1
1, -50.777, 4.699, 2.795, 0, 0, 0, 1
1, -50.91, 5.321, 2.795, 0, 0, 0, 1
1, -50.942, 5.783, 2.795, 0, 0, 0, 1
1, -51.067, 6.345, 2.795, 0, 0, 0, 1
1, -51.216, 7.487, 2.795, 0, 0, 0, 1
1, -51.337, 7.824, 2.795, 0, 0, 0, 1
1, -47.237, 11.924, 2.795, 0, 0, 0, 1
1, -47.264, 11.958, 2.795, 0, 0, 0, 1
1, -47.506, 12.558, 2.795, 0, 0, 0, 1
1, -47.796, 12.828, 2.795, 0, 0, 0, 1
1, -48.396, 14.064, 2.795, 0, 0, 0, 1
1, -48.437, 14.137, 2.795, 0, 0, 0, 1
1, -48.855, 14.549, 2.795, 0, 0, 0, 1
1, -52.468, 10.936, 2.795, 0, 0, 0, 1
1, -52.558, 11.455, 2.795, 0, 0, 0, 1
1, -53.38, 12.23, 2.795, 0, 0, 0, 1
1, -53.611, 12.72, 2.795, 0, 0, 0, 1
1, -53.815, 13.003, 2.795, 0, 0, 0, 1
1, -53.874, 13.251, 2.795, 0, 0, 0, 1
1, -54.126, 13.521, 2.795, 0, 0, 0, 1
1, -50.744, 16.902, 2.795, 0, 0, 0, 1
1, -50.969, 17.094, 2.795, 0, 0, 0, 1
1, -51.043, 17.364, 2.795, 0, 0, 0, 1
1, -51.287, 17.641, 2.795, 0, 0, 0, 1
1, -51.665, 17.995, 2.795, 0, 0, 0, 1
1, -51.67, 17.996, 2.795, 0, 0, 0, 1
1, -51.696, 18.024, 2.795, 0, 0, 0, 1
1, -51.866, 18.183, 2.795, 0, 0, 0, 1
1, -51.876, 18.217, 2.795, 0, 0, 0, 1
1, -52.216, 18.582, 2.795, 0, 0, 0, 1
1, -52.518, 18.855, 2.795, 0, 0, 0, 1
1, -52.726, 18.913, 2.795, 0, 0, 0, 1
1, -52.842, 19.047, 2.795, 0, 0, 0, 1
1, -55.983, 15.906, 2.795, 0, 0, 0, 1
1, -56.289, 16.681, 2.795, 0, 0, 0, 1
1, -57.214, 16.993, 2.795, 0, 0, 0, 1
1, -57.569, 17.819, 2.795, 0, 0, 0, 1
1, -58.171, 17.96, 2.795, 0, 0, 0, 1
1, -55.218, 20.914, 2.795, 0, 0, 0, 1
1, -55.714, 21.543, 2.795, 0, 0, 0, 1
1, -56.038, 21.71, 2.795, 0, 0, 0, 1
1, -56.949, 22.456, 2.795, 0, 0, 0, 1
1, -57.691, 22.684, 2.795, 0, 0, 0, 1
1, -60.944, 19.43, 2.795, 0, 0, 0, 1
1, -61.398, 19.542, 2.795, 0, 0, 0, 1
1, -62.09, 19.949, 2.795, 0, 0, 0, 1
1, -62.103, 19.952, 2.795, 0, 0, 0, 1
1, -62.896, 20.448, 2.795, 0, 0, 0, 1
1, -63.76, 20.57, 2.795, 0, 0, 0, 1
1, -63.989, 20.627, 2.795, 0, 0, 0, 1
1, -60.295, 24.322, 2.795, 0, 0, 0, 1
1, -60.361, 24.345, 2.795, 0, 0, 0, 1
1, -60.751, 24.518, 2.795, 0, 0, 0, 1
1, -61.339, 24.637, 2.795, 0, 0, 0, 1
1, -61.953, 25.13, 2.795, 0, 0, 0, 1
1, -62.138, 25.198, 2.795, 0, 0, 0, 1
1, -62.374, 25.259, 2.795, 0, 0, 0, 1
1, -62.977, 25.363, 2.795, 0, 0, 0, 1
1, -63.33, 25.53, 2.795, 0, 0, 0, 1
1, -67.437, 21.422, 2.795, 0, 0, 0, 1
1, -68.015, 21.51, 2.795, 0, 0, 0, 1
1, -69.314, 21.578, 2.795, 0, 0, 0, 1
1, -70.819, 21.55, 2.795, 0, 0, 0, 1
1, -71.638, 21.464, 2.795, 0, 0, 0, 1
1, -66.662, 26.44, 2.795, 0, 0, 0, 1
1, -67.388, 26.622, 2.795, 0, 0, 0, 1
1, -67.504, 26.666, 2.795, 0, 0, 0, 1
1, -67.813, 26.733, 2.795, 0, 0, 0, 1
1, -67.891, 26.736, 2.795, 0, 0, 0, 1
1, -68.52, 26.812, 2.795, 0, 0, 0, 1
1, -69.24, 26.839, 2.795, 0, 0, 0, 1
1, -70.426, 26.834, 2.795, 0, 0, 0, 1
1, -70.517, 26.828, 2.795, 0, 0, 0, 1
1, -77.438, 19.907, 2.795, 0, 0, 0, 1
1, -91.029, 44.499, 2.795, 0, 0, 0, 0
1, -94.0, 41.528, 2.795, 0, 0, 0, 1
1, -94.012, 41.407, 2.795, 0, 0, 0, 1
1, -94.02, 40.59, 2.795, 0, 0, 0, 1
1, -94.02, 37.266, 2.795, 0, 0, 0, 1
1, -88.734, 42.552, 2.795, 0, 0, 0, 1
1, -88.492, 41.711, 2.795, 0, 0, 0, 1
1, -88.476, 41.569, 2.795, 0, 0, 0, 1
1, -88.46, 40.579, 2.795, 0, 0, 0, 1
1, -88.46, 38.583, 2.795, 0, 0, 0, 1
1, -94.02, 33.023, 2.795, 0, 0, 0, 1
1, -94.02, 28.78, 2.795, 0, 0, 0, 1
1, -88.459, 34.341, 2.795, 0, 0, 0, 1
1, -88.459, 30.473, 2.795, 0, 0, 0, 1
1, -88.455, 30.103, 2.795, 0, 0, 0, 1
1, -94.02, 24.538, 2.795, 0, 0, 0, 1
1, -94.02, 20.295, 2.795, 0, 0, 0, 1
1, -88.039, 26.276, 2.795, 0, 0, 0, 1
1, -87.86, 25.83, 2.795, 0, 0, 0, 1
1, -86.695, 23.389, 2.795, 0, 0, 0, 1
1, -86.685, 23.387, 2.795, 0, 0, 0, 1
1, -94.02, 16.053, 2.795, 0, 0, 0, 1
1, -94.02, 11.81, 2.795, 0, 0, 0, 1
1, -82.746, 23.084, 2.795, 0, 0, 0, 1
1, -81.038, 23.676, 2.795, 0, 0, 0, 1
1, -79.81, 24.363, 2.795, 0, 0, 0, 1
1, -78.89, 24.772, 2.795, 0, 0, 0, 1
1, -78.115, 25.16, 2.795, 0, 0, 0, 1
1, -77.291, 25.407, 2.795, 0, 0, 0, 1
1, -76.346, 25.776, 2.795, 0, 0, 0, 1
1, -76.324, 25.787, 2.795, 0, 0, 0, 1
1, -75.661, 26.005, 2.795, 0, 0, 0, 1
1, -75.568, 26.019, 2.795, 0, 0, 0, 1
1, -94.02, 7.568, 2.795, 0, 0, 0, 1
1, -94.019, 3.325, 2.795, 0, 0, 0, 1
1, -87.134, 10.211, 2.795, 0, 0, 0, 1
1, -87.246, 9.982, 2.795, 0, 0, 0, 1
1, -87.849, 8.5, 2.795, 0, 0, 0, 1
1, -88.076, 7.623, 2.795, 0, 0, 0, 1
1, -88.169, 7.136, 2.795, 0, 0, 0, 1
1, -88.449, 6.125, 2.795, 0, 0, 0, 1
1, -88.473, 5.861, 2.795, 0, 0, 0, 1
1, -88.707, 4.884, 2.795, 0, 0, 0, 1
1, -88.766, 4.336, 2.795, 0, 0, 0, 1
1, -93.775, -0.673, 2.795, 0, 0, 0, 1
1, -93.743, -0.817, 2.795, 0, 0, 0, 1
1, -93.466, -2.169, 2.795, 0, 0, 0, 1
1, -93.454, -2.408, 2.795, 0, 0, 0, 1
1, -93.353, -2.936, 2.795, 0, 0, 0, 1
1, -93.26, -3.724, 2.795, 0, 0, 0, 1
1, -93.149, -4.167, 2.795, 0, 0, 0, 1
1, -93.138, -4.257, 2.795, 0, 0, 0, 1
1, -93.131, -4.272, 2.795, 0, 0, 0, 1
1, -88.764, 0.096, 2.795, 0, 0, 0, 1
1, -88.65, -0.773, 2.795, 0, 0, 0, 1
1, -88.448, -1.417, 2.795, 0, 0, 0, 1
1, -88.428, -1.723, 2.795, 0, 0, 0, 1
1, -88.2, -2.336, 2.795, 0, 0, 0, 1
1, -88.175, -2.645, 2.795, 0, 0, 0, 1
1, -87.988, -3.26, 2.795, 0, 0, 0, 1
1, -87.97, -3.353, 2.795, 0, 0, 0, 1
1, -91.962, -7.345, 2.795, 0, 0, 0, 1
1, -91.533, -8.166, 2.795, 0, 0, 0, 1
1, -91.398, -8.701, 2.795, 0, 0, 0, 1
1, -91.349, -8.776, 2.795, 0, 0, 0, 1
1, -90.903, -9.411, 2.795, 0, 0, 0, 1
1, -90.892, -9.482, 2.795, 0, 0, 0, 1
1, -90.65, -9.854, 2.795, 0, 0, 0, 1
1, -90.594, -10.02, 2.795, 0, 0, 0, 1
1, -90.477, -10.103, 2.795, 0, 0, 0, 1
1, -86.782, -6.408, 2.795, 0, 0, 0, 1
1, -86.57, -7.052, 2.795, 0, 0, 0, 1
1, -86.168, -7.616, 2.795, 0, 0, 0, 1
1, -86.145, -7.724, 2.795, 0, 0, 0, 1
1, -85.725, -8.237, 2.795, 0, 0, 0, 1
1, -85.499, -8.554, 2.795, 0, 0, 0, 1
1, -85.301, -9.169, 2.795, 0, 0, 0, 1
1, -88.798, -12.667, 2.795, 0, 0, 0, 1
1, -88.79, -12.686, 2.795, 0, 0, 0, 1
1, -88.096, -13.131, 2.795, 0, 0, 0, 1
1, -87.921, -13.611, 2.795, 0, 0, 0, 1
1, -87.266, -13.909, 2.795, 0, 0, 0, 1
1, -87.043, -14.534, 2.795, 0, 0, 0, 1
1, -86.595, -14.706, 2.795, 0, 0, 0, 1
1, -83.282, -11.393, 2.795, 0, 0, 0, 1
1, -83.104, -11.497, 2.795, 0, 0, 0, 1
1, -82.606, -12.329, 2.795, 0, 0, 0, 1
1, -81.683, -12.735, 2.795, 0, 0, 0, 1
1, -81.336, -13.191, 2.795, 0, 0, 0, 1
1, -81.009, -13.362, 2.795, 0, 0, 0, 1
1, -84.506, -16.86, 2.795, 0, 0, 0, 1
1, -84.265, -17.222, 2.795, 0, 0, 0, 1
1, -84.025, -17.343, 2.795, 0, 0, 0, 1
1, -83.231, -18.021, 2.795, 0, 0, 0, 1
1, -83.176, -18.064, 2.795, 0, 0, 0, 1
1, -82.265, -18.281, 2.795, 0, 0, 0, 1
1, -81.993, -18.589, 2.795, 0, 0, 0, 1
1, -78.384, -14.98, 2.795, 0, 0, 0, 1
1, -77.519, -15.217, 2.795, 0, 0, 0, 1
1, -76.865, -15.557, 2.795, 0, 0, 0, 1
1, -76.139, -15.998, 2.795, 0, 0, 0, 1
1, -75.487, -16.102, 2.795, 0, 0, 0, 1
1, -75.314, -16.153, 2.795, 0, 0, 0, 1
1, -79.234, -20.074, 2.795, 0, 0, 0, 1
1, -78.872, -20.127, 2.795, 0, 0, 0, 1
1, -78.083, -20.713, 2.795, 0, 0, 0, 1
1, -77.986, -20.754, 2.795, 0, 0, 0, 1
1, -77.278, -20.88, 2.795, 0, 0, 0, 1
1, -76.754, -21.055, 2.795, 0, 0, 0, 1
1, -76.384, -21.092, 2.795, 0, 0, 0, 1
1, -76.133, -21.214, 2.795, 0, 0, 0, 1
1, -71.694, -16.776, 2.795, 0, 0, 0, 1
1, -71.651, -16.778, 2.795, 0, 0, 0, 1
1, -70.899, -16.88, 2.795, 0, 0, 0, 1
1, -69.517, -16.917, 2.795, 0, 0, 0, 1
1, -67.947, -16.839, 2.795, 0, 0, 0, 1
1, -67.436, -16.76, 2.795, 0, 0, 0, 1
1, -72.601, -21.925, 2.795, 0, 0, 0, 1
1, -72.086, -21.999, 2.795, 0, 0, 0, 1
1, -71.22, -22.087, 2.795, 0, 0, 0, 1
1, -70.415, -22.147, 2.795, 0, 0, 0, 1
1, -69.635, -22.162, 2.795, 0, 0, 0, 1
1, -68.851, -22.119, 2.795, 0, 0, 0, 1
1, -68.523, -22.09, 2.795, 0, 0, 0, 1
1, -61.511, -15.078, 2.795, 0, 0, 0, 1
1, -60.617, -14.709, 2.795, 0, 0, 0, 1
1, -58.37, -13.214, 2.795, 0, 0, 0, 1
1, -57.966, -12.872, 2.795, 0, 0, 0, 1
1, -56.844, -12.0, 2.795, 0, 0, 0, 1
1, -55.451, -10.598, 2.795, 0, 0, 0, 1
1, -54.574, -9.45, 2.795, 0, 0, 0, 1
1, -54.232, -9.033, 2.795, 0, 0, 0, 1
1, -52.765, -6.785, 2.795, 0, 0, 0, 1
1, -52.469, -6.036, 2.795, 0, 0, 0, 1
1, -40.759, 5.674, 2.795, 0, 0, 0, 1
1, -40.173, 5.261, 2.795, 0, 0, 0, 1
1, -39.299, 5.102, 2.795, 0, 0, 0, 1
1, -38.689, 4.938, 2.795, 0, 0, 0, 1
1, -37.95, 4.791, 2.795, 0, 0, 0, 1
1, -37.437, 4.753, 2.795, 0, 0, 0, 1
1, -63.191, -21.0, 2.795, 0, 0, 0, 1
1, -62.841, -20.903, 2.795, 0, 0, 0, 1
1, -62.078, -20.59, 2.795, 0, 0, 0, 1
1, -61.998, -20.571, 2.795, 0, 0, 0, 1
1, -61.899, -20.516, 2.795, 0, 0, 0, 1
1, -61.158, -20.182, 2.795, 0, 0, 0, 1
1, -60.551, -19.916, 2.795, 0, 0, 0, 1
1, -60.264, -19.816, 2.795, 0, 0, 0, 1
1, -59.968, -19.632, 2.795, 0, 0, 0, 1
1, -59.437, -19.337, 2.795, 0, 0, 0, 1
1, -58.785, -18.992, 2.795, 0, 0, 0, 1
1, -58.504, -18.869, 2.795, 0, 0, 0, 1
1, -58.302, -18.725, 2.795, 0, 0, 0, 1
1, -57.675, -18.346, 2.795, 0, 0, 0, 1
1, -56.706, -17.692, 2.795, 0, 0, 0, 1
1, -55.872, -17.164, 2.795, 0, 0, 0, 1
1, -55.583, -16.924, 2.795, 0, 0, 0, 1
1, -55.037, -16.506, 2.795, 0, 0, 0, 1
1, -54.165, -15.752, 2.795, 0, 0, 0, 1
1, -53.253, -14.918, 2.795, 0, 0, 0, 1
1, -52.348, -14.032, 2.795, 0, 0, 0, 1
1, -51.647, -13.295, 2.795, 0, 0, 0, 1
1, -50.508, -12.023, 2.795, 0, 0, 0, 1
1, -50.017, -11.444, 2.795, 0, 0, 0, 1
1, -49.346, -10.604, 2.795, 0, 0, 0, 1
1, -48.782, -9.771, 2.795, 0, 0, 0, 1
1, -48.12, -8.734, 2.795, 0, 0, 0, 1
1, -47.462, -7.792, 2.795, 0, 0, 0, 1
1, -46.864, -6.764, 2.795, 0, 0, 0, 1
1, -45.944, -5.472, 2.795, 0, 0, 0, 1
1, -44.948, -4.281, 2.795, 0, 0, 0, 1
1, -44.341, -3.608, 2.795, 0, 0, 0, 1
1, -43.629, -2.917, 2.795, 0, 0, 0, 1
1, -42.884, -2.293, 2.795, 0, 0, 0, 1
1, -41.296, -1.183, 2.795, 0, 0, 0, 1
1, -39.75, -0.622, 2.795, 0, 0, 0, 1
1, -38.74, -0.28, 2.795, 0, 0, 0, 1
1, -38.283, -0.192, 2.795, 0, 0, 0, 1
1, -38.091, -0.144, 2.795, 0, 0, 0, 1
1, -33.221, 4.727, 2.795, 0, 0, 0, 1
1, -32.523, 4.845, 2.795, 0, 0, 0, 1
1, -31.694, 5.065, 2.795, 0, 0, 0, 1
1, -31.039, 5.197, 2.795, 0, 0, 0, 1
1, -30.06, 5.694, 2.795, 0, 0, 0, 1
1, -29.393, 6.086, 2.795, 0, 0, 0, 1
1, -28.122, 6.764, 2.795, 0, 0, 0, 1
1, -26.485, 8.087, 2.795, 0, 0, 0, 1
1, -26.138, 8.353, 2.795, 0, 0, 0, 1
1, -25.495, 8.708, 2.795, 0, 0, 0, 1
1, -24.922, 8.984, 2.795, 0, 0, 0, 1
1, -24.645, 9.06, 2.795, 0, 0, 0, 1
1, -33.597, 0.108, 2.795, 0, 0, 0, 1
1, -32.84, -0.122, 2.795, 0, 0, 0, 1
1, -32.446, -0.155, 2.795, 0, 0, 0, 1
1, -31.752, -0.432, 2.795, 0, 0, 0, 1
1, -31.468, -0.477, 2.795, 0, 0, 0, 1
1, -30.617, -0.736, 2.795, 0, 0, 0, 1
1, -30.324, -0.862, 2.795, 0, 0, 0, 1
1, -20.325, 9.138, 2.795, 0, 0, 0, 1
1, -20.321, 9.136, 2.795, 0, 0, 0, 1
1, -20.057, 9.108, 2.795, 0, 0, 0, 1
1, -19.506, 8.96, 2.795, 0, 0, 0, 1
1, -19.398, 8.894, 2.795, 0, 0, 0, 1
1, -18.882, 8.524, 2.795, 0, 0, 0, 1
1, -18.77, 8.506, 2.795, 0, 0, 0, 1
1, -18.528, 8.357, 2.795, 0, 0, 0, 1
1, -18.451, 8.323, 2.795, 0, 0, 0, 1
1, -18.051, 7.811, 2.795, 0, 0, 0, 1
1, -17.645, 7.627, 2.795, 0, 0, 0, 1
1, -17.626, 7.594, 2.795, 0, 0, 0, 1
1, -27.545, -2.325, 2.795, 0, 0, 0, 1
1, -26.956, -3.024, 2.795, 0, 0, 0, 1
1, -26.697, -3.184, 2.795, 0, 0, 0, 1
1, -26.644, -3.224, 2.795, 0, 0, 0, 1
1, -26.552, -3.244, 2.795, 0, 0, 0, 1
1, -25.93, -3.751, 2.795, 0, 0, 0, 1
1, -25.507, -3.852, 2.795, 0, 0, 0, 1
1, -25.083, -4.106, 2.795, 0, 0, 0, 1
1, -15.831, 5.146, 2.795, 0, 0, 0, 1
1, -15.769, 5.016, 2.795, 0, 0, 0, 1
1, -15.634, 4.849, 2.795, 0, 0, 0, 1
1, -15.631, 4.837, 2.795, 0, 0, 0, 1
1, -15.589, 4.613, 2.795, 0, 0, 0, 1
1, -15.546, 4.221, 2.795, 0, 0, 0, 1
1, -15.345, 3.396, 2.795, 0, 0, 0, 1
1, -15.245, 2.758, 2.795, 0, 0, 0, 1
1, -15.22, 2.661, 2.795, 0, 0, 0, 1
1, -15.202, 2.26, 2.795, 0, 0, 0, 1
1, -15.252, 1.721, 2.795, 0, 0, 0, 1
1, -15.308, 1.427, 2.795, 0, 0, 0, 1
1, -21.414, -4.679, 2.795, 0, 0, 0, 1
1, 45.809, 28.025, 2.795, 0, 0, 0, 0
1, 45.333, 28.527, 2.795, 0, 0, 0, 1
1, 45.004, 28.696, 2.795, 0, 0, 0, 1
1, 44.632, 28.827, 2.795, 0, 0, 0, 1
1, 44.4, 28.866, 2.795, 0, 0, 0, 1
1, 43.686, 29.176, 2.795, 0, 0, 0, 1
1, 43.606, 29.232, 2.795, 0, 0, 0, 1
1, 43.13, 29.34, 2.795, 0, 0, 0, 1
1, 42.97, 29.348, 2.795, 0, 0, 0, 1
1, 42.159, 29.341, 2.795, 0, 0, 0, 1
1, 41.389, 29.176, 2.795, 0, 0, 0, 1
1, 41.264, 29.115, 2.795, 0, 0, 0, 1
1, 40.574, 28.853, 2.795, 0, 0, 0, 1
1, 40.084, 28.62, 2.795, 0, 0, 0, 1
1, 39.744, 28.488, 2.795, 0, 0, 0, 1
1, 38.989, 27.866, 2.795, 0, 0, 0, 1
1, 38.628, 27.497, 2.795, 0, 0, 0, 1
1, 38.093, 26.77, 2.795, 0, 0, 0, 1
1, 38.025, 26.556, 2.795, 0, 0, 0, 1
1, 37.706, 25.91, 2.795, 0, 0, 0, 1
1, 37.497, 25.156, 2.795, 0, 0, 0, 1
1, 37.299, 24.23, 2.795, 0, 0, 0, 1
1, 37.258, 23.374, 2.795, 0, 0, 0, 1
1, 37.255, 22.399, 2.795, 0, 0, 0, 1
1, 37.256, 3.183, 2.795, 0, 0, 0, 1
1, 37.263, 1.992, 2.795, 0, 0, 0, 1
1, 37.284, 1.232, 2.795, 0, 0, 0, 1
1, 37.361, 0.213, 2.795, 0, 0, 0, 1
1, 37.483, -0.635, 2.795, 0, 0, 0, 1
1, 37.638, -1.544, 2.795, 0, 0, 0, 1
1, 37.644, -1.72, 2.795, 0, 0, 0, 1
1, 37.764, -2.402, 2.795, 0, 0, 0, 1
1, 37.786, -2.749, 2.795, 0, 0, 0, 1
1, 37.853, -3.268, 2.795, 0, 0, 0, 1
1, 37.927, -3.691, 2.795, 0, 0, 0, 1
1, 37.969, -4.078, 2.795, 0, 0, 0, 1
1, 38.128, -4.599, 2.795, 0, 0, 0, 1
1, 38.149, -4.764, 2.795, 0, 0, 0, 1
1, 38.312, -5.105, 2.795, 0, 0, 0, 1
1, 38.487, -5.445, 2.795, 0, 0, 0, 1
1, 38.5, -5.585, 2.795, 0, 0, 0, 1
1, 38.748, -6.241, 2.795, 0, 0, 0, 1
1, 38.81, -6.678, 2.795, 0, 0, 0, 1
1, 38.887, -7.044, 2.795, 0, 0, 0, 1
1, 39.084, -7.552, 2.795, 0, 0, 0, 1
1, 39.096, -7.627, 2.795, 0, 0, 0, 1
1, 39.552, -8.214, 2.795, 0, 0, 0, 1
1, 39.601, -8.582, 2.795, 0, 0, 0, 1
1, 39.785, -9.05, 2.795, 0, 0, 0, 1
1, 39.963, -9.57, 2.795, 0, 0, 0, 1
1, 39.985, -9.67, 2.795, 0, 0, 0, 1
1, 40.053, -9.75, 2.795, 0, 0, 0, 1
1, 40.466, -10.117, 2.795, 0, 0, 0, 1
1, 40.533, -10.516, 2.795, 0, 0, 0, 1
1, 40.747, -10.945, 2.795, 0, 0, 0, 1
1, 40.987, -11.49, 2.795, 0, 0, 0, 1
1, 41.544, -11.958, 2.795, 0, 0, 0, 1
1, 41.682, -12.529, 2.795, 0, 0, 0, 1
1, 41.772, -12.737, 2.795, 0, 0, 0, 1
1, 42.27, -13.353, 2.795, 0, 0, 0, 1
1, 42.629, -13.798, 2.795, 0, 0, 0, 1
1, 42.92, -14.327, 2.795, 0, 0, 0, 1
1, 43.518, -14.774, 2.795, 0, 0, 0, 1
1, 43.792, -15.41, 2.795, 0, 0, 0, 1
1, 44.418, -15.747, 2.795, 0, 0, 0, 1
1, 44.693, -16.411, 2.795, 0, 0, 0, 1
1, 44.699, -16.422, 2.795, 0, 0, 0, 1
1, 44.704, -16.426, 2.795, 0, 0, 0, 1
1, 45.349, -16.715, 2.795, 0, 0, 0, 1
1, 45.643, -17.365, 2.795, 0, 0, 0, 1
1, 45.648, -17.372, 2.795, 0, 0, 0, 1
1, 45.658, -17.377, 2.795, 0, 0, 0, 1
1, 46.291, -17.646, 2.795, 0, 0, 0, 1
1, 46.674, -18.294, 2.795, 0, 0, 0, 1
1, 47.261, -18.556, 2.795, 0, 0, 0, 1
1, 47.742, -19.15, 2.795, 0, 0, 0, 1
1, 48.248, -19.458, 2.795, 0, 0, 0, 1
1, 48.672, -19.769, 2.795, 0, 0, 0, 1
1, 48.728, -19.782, 2.795, 0, 0, 0, 1
1, 48.929, -19.959, 2.795, 0, 0, 0, 1
1, 49.113, -20.094, 2.795, 0, 0, 0, 1
1, 49.139, -20.143, 2.795, 0, 0, 0, 1
1, 49.33, -20.31, 2.795, 0, 0, 0, 1
1, 49.509, -20.383, 2.795, 0, 0, 0, 1
1, 50.06, -20.532, 2.795, 0, 0, 0, 1
1, 50.591, -21.083, 2.795, 0, 0, 0, 1
1, 51.1, -21.345, 2.795, 0, 0, 0, 1
1, 51.48, -21.511, 2.795, 0, 0, 0, 1
1, 51.881, -21.584, 2.795, 0, 0, 0, 1
1, 52.426, -22.091, 2.795, 0, 0, 0, 1
1, 52.492, -22.106, 2.795, 0, 0, 0, 1
1, 52.989, -22.308, 2.795, 0, 0, 0, 1
1, 53.408, -22.451, 2.795, 0, 0, 0, 1
1, 53.797, -22.511, 2.795, 0, 0, 0, 1
1, 54.422, -22.928, 2.795, 0, 0, 0, 1
1, 54.462, -22.96, 2.795, 0, 0, 0, 1
1, 54.496, -22.966, 2.795, 0, 0, 0, 1
1, 55.008, -23.197, 2.795, 0, 0, 0, 1
1, 55.768, -23.336, 2.795, 0, 0, 0, 1
1, 56.365, -23.522, 2.795, 0, 0, 0, 1
1, 56.586, -23.545, 2.795, 0, 0, 0, 1
1, 57.156, -23.797, 2.795, 0, 0, 0, 1
1, 57.335, -23.892, 2.795, 0, 0, 0, 1
1, 57.413, -23.902, 2.795, 0, 0, 0, 1
1, 57.977, -24.096, 2.795, 0, 0, 0, 1
1, 58.307, -24.13, 2.795, 0, 0, 0, 1
1, 58.751, -24.225, 2.795, 0, 0, 0, 1
1, 59.61, -24.307, 2.795, 0, 0, 0, 1
1, 60.215, -24.389, 2.795, 0, 0, 0, 1
1, 60.489, -24.4, 2.795, 0, 0, 0, 1
1, 61.223, -24.51, 2.795, 0, 0, 0, 1
1, 61.346, -24.514, 2.795, 0, 0, 0, 1
1, 62.239, -24.619, 2.795, 0, 0, 0, 1
1, 63.151, -24.69, 2.795, 0, 0, 0, 1
1, 64.103, -24.718, 2.795, 0, 0, 0, 1
1, 65.029, -24.69, 2.795, 0, 0, 0, 1
1, 66.035, -24.612, 2.795, 0, 0, 0, 1
1, 67.116, -24.506, 2.795, 0, 0, 0, 1
1, 68.89, -24.29, 2.795, 0, 0, 0, 1
1, 69.388, -24.189, 2.795, 0, 0, 0, 1
1, 69.849, -24.143, 2.795, 0, 0, 0, 1
1, 70.58, -23.932, 2.795, 0, 0, 0, 1
1, 70.761, -23.909, 2.795, 0, 0, 0, 1
1, 71.186, -23.739, 2.795, 0, 0, 0, 1
1, 71.72, -23.561, 2.795, 0, 0, 0, 1
1, 72.69, -23.312, 2.795, 0, 0, 0, 1
1, 73.371, -23.049, 2.795, 0, 0, 0, 1
1, 73.631, -22.992, 2.795, 0, 0, 0, 1
1, 74.013, -22.788, 2.795, 0, 0, 0, 1
1, 74.574, -22.538, 2.795, 0, 0, 0, 1
1, 74.992, -22.37, 2.795, 0, 0, 0, 1
1, 75.534, -22.183, 2.795, 0, 0, 0, 1
1, 76.473, -21.633, 2.795, 0, 0, 0, 1
1, 77.422, -21.192, 2.795, 0, 0, 0, 1
1, 77.879, -20.872, 2.795, 0, 0, 0, 1
1, 79.277, -19.951, 2.795, 0, 0, 0, 1
1, 79.407, -19.882, 2.795, 0, 0, 0, 1
1, 80.286, -19.283, 2.795, 0, 0, 0, 1
1, 81.212, -18.514, 2.795, 0, 0, 0, 1
1, 82.174, -17.646, 2.795, 0, 0, 0, 1
1, 83.136, -16.71, 2.795, 0, 0, 0, 1
1, 84.102, -15.688, 2.795, 0, 0, 0, 1
1, 84.651, -15.067, 2.795, 0, 0, 0, 1
1, 85.435, -14.122, 2.795, 0, 0, 0, 1
1, 86.023, -13.28, 2.795, 0, 0, 0, 1
1, 86.103, -13.182, 2.795, 0, 0, 0, 1
1, 86.219, -12.965, 2.795, 0, 0, 0, 1
1, 86.713, -12.186, 2.795, 0, 0, 0, 1
1, 87.35, -11.244, 2.795, 0, 0, 0, 1
1, 87.813, -10.292, 2.795, 0, 0, 0, 1
1, 88.344, -9.337, 2.795, 0, 0, 0, 1
1, 88.72, -8.355, 2.795, 0, 0, 0, 1
1, 89.178, -7.441, 2.795, 0, 0, 0, 1
1, 89.26, -7.077, 2.795, 0, 0, 0, 1
1, 89.454, -6.473, 2.795, 0, 0, 0, 1
1, 89.797, -5.435, 2.795, 0, 0, 0, 1
1, 90.107, -4.58, 2.795, 0, 0, 0, 1
1, 90.137, -4.281, 2.795, 0, 0, 0, 1
1, 90.298, -3.616, 2.795, 0, 0, 0, 1
1, 90.44, -2.653, 2.795, 0, 0, 0, 1
1, 90.577, -1.868, 2.795, 0, 0, 0, 1
1, 90.59, -1.706, 2.795, 0, 0, 0, 1
1, 90.894, 0.314, 2.795, 0, 0, 0, 1
1, 90.966, 1.24, 2.795, 0, 0, 0, 1
1, 91.0, 2.194, 2.795, 0, 0, 0, 1
1, 91.008, 22.396, 2.795, 0, 0, 0, 1
1, 90.998, 23.615, 2.795, 0, 0, 0, 1
1, 90.952, 24.355, 2.795, 0, 0, 0, 1
1, 90.788, 24.903, 2.795, 0, 0, 0, 1
1, 90.76, 25.043, 2.795, 0, 0, 0, 1
1, 90.514, 25.765, 2.795, 0, 0, 0, 1
1, 90.377, 26.409, 2.795, 0, 0, 0, 1
1, 90.249, 26.603, 2.795, 0, 0, 0, 1
1, 89.703, 27.283, 2.795, 0, 0, 0, 1
1, 89.435, 27.709, 2.795, 0, 0, 0, 1
1, 88.984, 28.006, 2.795, 0, 0, 0, 1
1, 88.472, 28.51, 2.795, 0, 0, 0, 1
1, 88.177, 28.684, 2.795, 0, 0, 0, 1
1, 87.856, 28.788, 2.795, 0, 0, 0, 1
1, 87.573, 28.84, 2.795, 0, 0, 0, 1
1, 86.769, 29.193, 2.795, 0, 0, 0, 1
1, 86.73, 29.223, 2.795, 0, 0, 0, 1
1, 86.309, 29.333, 2.795, 0, 0, 0, 1
1, 86.17, 29.34, 2.795, 0, 0, 0, 1
1, 85.347, 29.345, 2.795, 0, 0, 0, 1
1, 84.585, 29.199, 2.795, 0, 0, 0, 1
1, 84.568, 29.198, 2.795, 0, 0, 0, 1
1, 84.364, 29.106, 2.795, 0, 0, 0, 1
1, 83.766, 28.884, 2.795, 0, 0, 0, 1
1, 83.386, 28.715, 2.795, 0, 0, 0, 1
1, 82.954, 28.546, 2.795, 0, 0, 0, 1
1, 82.196, 27.938, 2.795, 0, 0, 0, 1
1, 81.749, 27.485, 2.795, 0, 0, 0, 1
1, 81.179, 26.739, 2.795, 0, 0, 0, 1
1, 81.048, 26.362, 2.795, 0, 0, 0, 1
1, 80.834, 25.905, 2.795, 0, 0, 0, 1
1, 80.589, 25.117, 2.795, 0, 0, 0, 1
1, 80.557, 25.041, 2.795, 0, 0, 0, 1
1, 80.386, 24.233, 2.795, 0, 0, 0, 1
1, 80.347, 23.375, 2.795, 0, 0, 0, 1
1, 80.342, 22.398, 2.795, 0, 0, 0, 1
1, 80.34, 3.168, 2.795, 0, 0, 0, 1
1, 80.319, 1.749, 2.795, 0, 0, 0, 1
1, 80.249, 0.599, 2.795, 0, 0, 0, 1
1, 80.111, -0.635, 2.795, 0, 0, 0, 1
1, 79.8, -2.279, 2.795, 0, 0, 0, 1
1, 79.559, -2.94, 2.795, 0, 0, 0, 1
1, 79.329, -3.422, 2.795, 0, 0, 0, 1
1, 79.233, -3.763, 2.795, 0, 0, 0, 1
1, 78.487, -5.42, 2.795, 0, 0, 0, 1
1, 78.328, -5.661, 2.795, 0, 0, 0, 1
1, 78.197, -5.929, 2.795, 0, 0, 0, 1
1, 77.686, -6.758, 2.795, 0, 0, 0, 1
1, 77.359, -7.213, 2.795, 0, 0, 0, 1
1, 76.818, -7.885, 2.795, 0, 0, 0, 1
1, 76.285, -8.53, 2.795, 0, 0, 0, 1
1, 75.844, -9.001, 2.795, 0, 0, 0, 1
1, 74.729, -10.082, 2.795, 0, 0, 0, 1
1, 74.081, -10.612, 2.795, 0, 0, 0, 1
1, 72.971, -11.466, 2.795, 0, 0, 0, 1
1, 72.303, -11.838, 2.795, 0, 0, 0, 1
1, 71.882, -12.038, 2.795, 0, 0, 0, 1
1, 71.525, -12.278, 2.795, 0, 0, 0, 1
1, 70.737, -12.685, 2.795, 0, 0, 0, 1
1, 70.086, -12.921, 2.795, 0, 0, 0, 1
1, 69.618, -13.05, 2.795, 0, 0, 0, 1
1, 68.601, -13.473, 2.795, 0, 0, 0, 1
1, 67.392, -13.783, 2.795, 0, 0, 0, 1
1, 65.754, -13.971, 2.795, 0, 0, 0, 1
1, 64.629, -14.016, 2.795, 0, 0, 0, 1
1, 64.093, -14.021, 2.795, 0, 0, 0, 1
1, 63.001, -13.995, 2.795, 0, 0, 0, 1
1, 62.537, -13.946, 2.795, 0, 0, 0, 1
1, 61.971, -13.922, 2.795, 0, 0, 0, 1
1, 60.516, -13.743, 2.795, 0, 0, 0, 1
1, 59.434, -13.429, 2.795, 0, 0, 0, 1
1, 58.906, -13.113, 2.795, 0, 0, 0, 1
1, 58.668, -13.083, 2.795, 0, 0, 0, 1
1, 58.157, -12.854, 2.795, 0, 0, 0, 1
1, 57.217, -12.634, 2.795, 0, 0, 0, 1
1, 56.487, -12.145, 2.795, 0, 0, 0, 1
1, 56.469, -12.142, 2.795, 0, 0, 0, 1
1, 55.927, -11.756, 2.795, 0, 0, 0, 1
1, 54.995, -11.42, 2.795, 0, 0, 0, 1
1, 54.532, -10.86, 2.795, 0, 0, 0, 1
1, 54.517, -10.838, 2.795, 0, 0, 0, 1
1, 54.474, -10.825, 2.795, 0, 0, 0, 1
1, 53.806, -10.449, 2.795, 0, 0, 0, 1
1, 53.26, -9.84, 2.795, 0, 0, 0, 1
1, 52.66, -9.355, 2.795, 0, 0, 0, 1
1, 52.17, -8.759, 2.795, 0, 0, 0, 1
1, 51.563, -8.201, 2.795, 0, 0, 0, 1
1, 51.167, -7.531, 2.795, 0, 0, 0, 1
1, 51.165, -7.523, 2.795, 0, 0, 0, 1
1, 50.548, -6.999, 2.795, 0, 0, 0, 1
1, 50.257, -6.112, 2.795, 0, 0, 0, 1
1, 49.95, -5.746, 2.795, 0, 0, 0, 1
1, 49.92, -5.726, 2.795, 0, 0, 0, 1
1, 49.889, -5.673, 2.795, 0, 0, 0, 1
1, 49.808, -5.578, 2.795, 0, 0, 0, 1
1, 49.797, -5.519, 2.795, 0, 0, 0, 1
1, 49.359, -4.779, 2.795, 0, 0, 0, 1
1, 49.212, -4.237, 2.795, 0, 0, 0, 1
1, 49.142, -3.863, 2.795, 0, 0, 0, 1
1, 48.868, -3.352, 2.795, 0, 0, 0, 1
1, 48.85, -3.207, 2.795, 0, 0, 0, 1
1, 48.751, -3.073, 2.795, 0, 0, 0, 1
1, 48.447, -2.466, 2.795, 0, 0, 0, 1
1, 48.406, -2.172, 2.795, 0, 0, 0, 1
1, 48.224, -1.467, 2.795, 0, 0, 0, 1
1, 48.121, -0.489, 2.795, 0, 0, 0, 1
1, 48.04, -0.012, 2.795, 0, 0, 0, 1
1, 48.02, 0.509, 2.795, 0, 0, 0, 1
1, 47.95, 1.044, 2.795, 0, 0, 0, 1
1, 47.941, 1.508, 2.795, 0, 0, 0, 1
1, 47.902, 2.111, 2.795, 0, 0, 0, 1
1, 47.88, 4.183, 2.795, 0, 0, 0, 1
1, 47.877, 23.385, 2.795, 0, 0, 0, 1
1, 47.836, 24.514, 2.795, 0, 0, 0, 1
1, 47.73, 24.937, 2.795, 0, 0, 0, 1
1, 47.704, 24.971, 2.795, 0, 0, 0, 1
1, 47.365, 25.831, 2.795, 0, 0, 0, 1
1, 47.319, 26.107, 2.795, 0, 0, 0, 1
1, 47.215, 26.455, 2.795, 0, 0, 0, 1
1, 47.044, 26.768, 2.795, 0, 0, 0, 1
1, 46.544, 27.293, 2.795, 0, 0, 0, 1
1, 46.279, 27.751, 2.795, 0, 0, 0, 1
1, 45.809, 28.025, 2.795, 0, 0, 0, 1
1, 43.628, 26.421, 2.795, 0, 0, 0, 0
1, 39.805, 22.599, 2.795, 0, 0, 0, 1
1, 39.805, 22.396, 2.795, 0, 0, 0, 1
1, 39.805, 18.356, 2.795, 0, 0, 0, 1
1, 45.308, 23.859, 2.795, 0, 0, 0, 1
1, 45.327, 23.338, 2.795, 0, 0, 0, 1
1, 45.328, 19.636, 2.795, 0, 0, 0, 1
1, 39.805, 14.113, 2.795, 0, 0, 0, 1
1, 39.805, 9.871, 2.795, 0, 0, 0, 1
1, 45.328, 15.394, 2.795, 0, 0, 0, 1
1, 45.329, 11.152, 2.795, 0, 0, 0, 1
1, 39.806, 5.629, 2.795, 0, 0, 0, 1
1, 39.806, 3.19, 2.795, 0, 0, 0, 1
1, 39.813, 2.035, 2.795, 0, 0, 0, 1
1, 39.83, 1.41, 2.795, 0, 0, 0, 1
1, 45.33, 6.91, 2.795, 0, 0, 0, 1
1, 45.33, 4.169, 2.795, 0, 0, 0, 1
1, 45.346, 2.684, 2.795, 0, 0, 0, 1
1, 40.316, -2.347, 2.795, 0, 0, 0, 1
1, 40.326, -2.506, 2.795, 0, 0, 0, 1
1, 40.374, -2.884, 2.795, 0, 0, 0, 1
1, 40.453, -3.331, 2.795, 0, 0, 0, 1
1, 40.478, -3.564, 2.795, 0, 0, 0, 1
1, 40.611, -4.0, 2.795, 0, 0, 0, 1
1, 40.98, -4.715, 2.795, 0, 0, 0, 1
1, 41.007, -5.007, 2.795, 0, 0, 0, 1
1, 41.232, -5.602, 2.795, 0, 0, 0, 1
1, 41.241, -5.664, 2.795, 0, 0, 0, 1
1, 45.639, -1.266, 2.795, 0, 0, 0, 1
1, 45.707, -1.922, 2.795, 0, 0, 0, 1
1, 45.901, -2.668, 2.795, 0, 0, 0, 1
1, 45.979, -3.233, 2.795, 0, 0, 0, 1
1, 46.383, -4.039, 2.795, 0, 0, 0, 1
1, 46.395, -4.135, 2.795, 0, 0, 0, 1
1, 46.61, -4.537, 2.795, 0, 0, 0, 1
1, 42.571, -8.576, 2.795, 0, 0, 0, 1
1, 42.832, -8.807, 2.795, 0, 0, 0, 1
1, 42.985, -9.718, 2.795, 0, 0, 0, 1
1, 43.056, -9.862, 2.795, 0, 0, 0, 1
1, 43.082, -9.919, 2.795, 0, 0, 0, 1
1, 43.826, -10.546, 2.795, 0, 0, 0, 1
1, 44.024, -11.366, 2.795, 0, 0, 0, 1
1, 47.963, -7.427, 2.795, 0, 0, 0, 1
1, 48.017, -7.518, 2.795, 0, 0, 0, 1
1, 48.039, -7.533, 2.795, 0, 0, 0, 1
1, 48.349, -8.476, 2.795, 0, 0, 0, 1
1, 49.182, -9.184, 2.795, 0, 0, 0, 1
1, 49.559, -9.823, 2.795, 0, 0, 0, 1
1, 49.69, -9.943, 2.795, 0, 0, 0, 1
1, 45.954, -13.679, 2.795, 0, 0, 0, 1
1, 46.427, -13.933, 2.795, 0, 0, 0, 1
1, 46.667, -14.512, 2.795, 0, 0, 0, 1
1, 47.272, -14.784, 2.795, 0, 0, 0, 1
1, 47.558, -15.413, 2.795, 0, 0, 0, 1
1, 48.059, -15.626, 2.795, 0, 0, 0, 1
1, 48.13, -15.746, 2.795, 0, 0, 0, 1
1, 51.821, -12.054, 2.795, 0, 0, 0, 1
1, 52.188, -12.464, 2.795, 0, 0, 0, 1
1, 52.865, -12.846, 2.795, 0, 0, 0, 1
1, 53.475, -13.582, 2.795, 0, 0, 0, 1
1, 54.255, -13.863, 2.795, 0, 0, 0, 1
1, 50.326, -17.792, 2.795, 0, 0, 0, 1
1, 50.528, -17.969, 2.795, 0, 0, 0, 1
1, 50.63, -18.044, 2.795, 0, 0, 0, 1
1, 51.406, -18.254, 2.795, 0, 0, 0, 1
1, 52.133, -19.009, 2.795, 0, 0, 0, 1
1, 52.197, -19.041, 2.795, 0, 0, 0, 1
1, 52.23, -19.056, 2.795, 0, 0, 0, 1
1, 53.072, -19.209, 2.795, 0, 0, 0, 1
1, 53.113, -19.248, 2.795, 0, 0, 0, 1
1, 57.129, -15.232, 2.795, 0, 0, 0, 1
1, 57.337, -15.281, 2.795, 0, 0, 0, 1
1, 57.97, -15.565, 2.795, 0, 0, 0, 1
1, 58.054, -15.575, 2.795, 0, 0, 0, 1
1, 58.407, -15.787, 2.795, 0, 0, 0, 1
1, 60.002, -16.249, 2.795, 0, 0, 0, 1
1, 60.316, -16.288, 2.795, 0, 0, 0, 1
1, 55.845, -20.758, 2.795, 0, 0, 0, 1
1, 56.38, -20.856, 2.795, 0, 0, 0, 1
1, 56.877, -21.011, 2.795, 0, 0, 0, 1
1, 57.247, -21.048, 2.795, 0, 0, 0, 1
1, 58.25, -21.493, 2.795, 0, 0, 0, 1
1, 58.528, -21.589, 2.795, 0, 0, 0, 1
1, 58.704, -21.607, 2.795, 0, 0, 0, 1
1, 59.141, -21.7, 2.795, 0, 0, 0, 1
1, 59.145, -21.701, 2.795, 0, 0, 0, 1
1, 64.276, -16.57, 2.795, 0, 0, 0, 1
1, 64.691, -16.566, 2.795, 0, 0, 0, 1
1, 65.952, -16.515, 2.795, 0, 0, 0, 1
1, 67.856, -16.296, 2.795, 0, 0, 0, 1
1, 69.115, -15.974, 2.795, 0, 0, 0, 1
1, 62.971, -22.118, 2.795, 0, 0, 0, 1
1, 63.287, -22.143, 2.795, 0, 0, 0, 1
1, 64.103, -22.166, 2.795, 0, 0, 0, 1
1, 64.893, -22.143, 2.795, 0, 0, 0, 1
1, 65.812, -22.072, 2.795, 0, 0, 0, 1
1, 66.837, -21.971, 2.795, 0, 0, 0, 1
1, 67.433, -21.898, 2.795, 0, 0, 0, 1
1, 88.08, -1.252, 2.795, 0, 0, 0, 1
1, 88.056, -1.41, 2.795, 0, 0, 0, 1
1, 88.045, -1.543, 2.795, 0, 0, 0, 1
1, 87.922, -2.249, 2.795, 0, 0, 0, 1
1, 87.793, -3.128, 2.795, 0, 0, 0, 1
1, 87.616, -3.853, 2.795, 0, 0, 0, 1
1, 87.601, -4.012, 2.795, 0, 0, 0, 1
1, 87.387, -4.599, 2.795, 0, 0, 0, 1
1, 87.029, -5.684, 2.795, 0, 0, 0, 1
1, 86.797, -6.406, 2.795, 0, 0, 0, 1
1, 86.759, -6.578, 2.795, 0, 0, 0, 1
1, 86.52, -7.054, 2.795, 0, 0, 0, 1
1, 73.228, -20.346, 2.795, 0, 0, 0, 1
1, 82.299, -2.79, 2.795, 0, 0, 0, 0
1, 88.45, 3.362, 2.795, 0, 0, 0, 1
1, 88.452, 7.606, 2.795, 0, 0, 0, 1
1, 82.874, 2.027, 2.795, 0, 0, 0, 1
1, 82.89, 3.148, 2.795, 0, 0, 0, 1
1, 82.891, 6.287, 2.795, 0, 0, 0, 1
1, 88.454, 11.85, 2.795, 0, 0, 0, 1
1, 88.455, 16.094, 2.795, 0, 0, 0, 1
1, 82.891, 10.53, 2.795, 0, 0, 0, 1
1, 82.892, 14.773, 2.795, 0, 0, 0, 1
1, 88.457, 20.339, 2.795, 0, 0, 0, 1
1, 88.458, 22.386, 2.795, 0, 0, 0, 1
1, 88.448, 23.526, 2.795, 0, 0, 0, 1
1, 88.425, 23.905, 2.795, 0, 0, 0, 1
1, 88.313, 24.28, 2.795, 0, 0, 0, 1
1, 88.294, 24.374, 2.795, 0, 0, 0, 1
1, 88.283, 24.407, 2.795, 0, 0, 0, 1
1, 82.892, 19.016, 2.795, 0, 0, 0, 1
1, 82.892, 22.393, 2.795, 0, 0, 0, 1
1, 82.896, 23.263, 2.795, 0, 0, 0, 1
1, 86.263, 26.63, 2.795, 0, 0, 0, 1
