##No.  X  Y  Z  Yaw  Pitch  Roll  Weld_En
1, 48.189, -41.052, 1.495, 0, 0, 0, 0
1, 48.189, 55.948, 1.495, 0, 0, 0, 1
1, -48.811, 55.948, 1.495, 0, 0, 0, 1
1, -48.811, -41.052, 1.495, 0, 0, 0, 1
1, 48.189, -41.052, 1.495, 0, 0, 0, 1
1, -46.231, -29.676, 1.495, 0, 0, 0, 0
1, -34.303, -29.676, 1.495, 0, 0, 0, 1
1, -29.225, -38.472, 1.495, 0, 0, 0, 1
1, -12.968, -38.472, 1.495, 0, 0, 0, 1
1, -7.889, -29.676, 1.495, 0, 0, 0, 1
1, 7.266, -29.676, 1.495, 0, 0, 0, 1
1, 12.345, -38.472, 1.495, 0, 0, 0, 1
1, 28.602, -38.472, 1.495, 0, 0, 0, 1
1, 33.681, -29.676, 1.495, 0, 0, 0, 1
1, 45.609, -29.676, 1.495, 0, 0, 0, 1
1, 45.609, -27.426, 1.495, 0, 0, 0, 1
1, 33.681, -27.426, 1.495, 0, 0, 0, 1
1, 28.051, -17.676, 1.495, 0, 0, 0, 1
1, 12.896, -17.676, 1.495, 0, 0, 0, 1
1, 7.266, -27.426, 1.495, 0, 0, 0, 1
1, -7.889, -27.426, 1.495, 0, 0, 0, 1
1, -13.519, -17.676, 1.495, 0, 0, 0, 1
1, -28.674, -17.676, 1.495, 0, 0, 0, 1
1, -34.303, -27.426, 1.495, 0, 0, 0, 1
1, -46.231, -27.426, 1.495, 0, 0, 0, 1
1, -46.231, -5.677, 1.495, 0, 0, 0, 1
1, -34.303, -5.677, 1.495, 0, 0, 0, 1
1, -28.674, -15.426, 1.495, 0, 0, 0, 1
1, -13.519, -15.426, 1.495, 0, 0, 0, 1
1, -7.889, -5.677, 1.495, 0, 0, 0, 1
1, 7.266, -5.677, 1.495, 0, 0, 0, 1
1, 12.896, -15.426, 1.495, 0, 0, 0, 1
1, 28.051, -15.426, 1.495, 0, 0, 0, 1
1, 33.681, -5.677, 1.495, 0, 0, 0, 1
1, 45.609, -5.677, 1.495, 0, 0, 0, 1
1, 45.609, -3.427, 1.495, 0, 0, 0, 1
1, 33.681, -3.427, 1.495, 0, 0, 0, 1
1, 28.051, 6.323, 1.495, 0, 0, 0, 1
1, 12.896, 6.323, 1.495, 0, 0, 0, 1
1, 7.266, -3.427, 1.495, 0, 0, 0, 1
1, -7.889, -3.427, 1.495, 0, 0, 0, 1
1, -13.519, 6.323, 1.495, 0, 0, 0, 1
1, -28.674, 6.323, 1.495, 0, 0, 0, 1
1, -34.303, -3.427, 1.495, 0, 0, 0, 1
1, -46.231, -3.427, 1.495, 0, 0, 0, 1
1, -46.231, 18.323, 1.495, 0, 0, 0, 1
1, -34.303, 18.323, 1.495, 0, 0, 0, 1
1, -28.674, 8.573, 1.495, 0, 0, 0, 1
1, -13.519, 8.573, 1.495, 0, 0, 0, 1
1, -7.889, 18.323, 1.495, 0, 0, 0, 1
1, 7.266, 18.323, 1.495, 0, 0, 0, 1
1, 12.896, 8.573, 1.495, 0, 0, 0, 1
1, 28.051, 8.573, 1.495, 0, 0, 0, 1
1, 33.681, 18.323, 1.495, 0, 0, 0, 1
1, 45.609, 18.323, 1.495, 0, 0, 0, 1
1, 45.609, 20.573, 1.495, 0, 0, 0, 1
1, 33.681, 20.573, 1.495, 0, 0, 0, 1
1, 28.051, 30.323, 1.495, 0, 0, 0, 1
1, 12.896, 30.323, 1.495, 0, 0, 0, 1
1, 7.266, 20.573, 1.495, 0, 0, 0, 1
1, -7.889, 20.573, 1.495, 0, 0, 0, 1
1, -13.519, 30.323, 1.495, 0, 0, 0, 1
1, -28.674, 30.323, 1.495, 0, 0, 0, 1
1, -34.303, 20.573, 1.495, 0, 0, 0, 1
1, -46.231, 20.573, 1.495, 0, 0, 0, 1
1, -46.231, 42.323, 1.495, 0, 0, 0, 1
1, -34.303, 42.323, 1.495, 0, 0, 0, 1
1, -28.674, 32.573, 1.495, 0, 0, 0, 1
1, -13.519, 32.573, 1.495, 0, 0, 0, 1
1, -7.889, 42.323, 1.495, 0, 0, 0, 1
1, 7.266, 42.323, 1.495, 0, 0, 0, 1
1, 12.896, 32.573, 1.495, 0, 0, 0, 1
1, 28.051, 32.573, 1.495, 0, 0, 0, 1
1, 33.681, 42.323, 1.495, 0, 0, 0, 1
1, 45.609, 42.323, 1.495, 0, 0, 0, 1
1, 45.609, 44.573, 1.495, 0, 0, 0, 1
1, 33.681, 44.573, 1.495, 0, 0, 0, 1
1, 28.602, 53.368, 1.495, 0, 0, 0, 1
1, 12.345, 53.368, 1.495, 0, 0, 0, 1
1, 7.266, 44.573, 1.495, 0, 0, 0, 1
1, -7.889, 44.573, 1.495, 0, 0, 0, 1
1, -12.968, 53.368, 1.495, 0, 0, 0, 1
1, -29.225, 53.368, 1.495, 0, 0, 0, 1
1, -34.303, 44.573, 1.495, 0, 0, 0, 1
1, -46.231, 44.573, 1.495, 0, 0, 0, 1
2, 48.189, 55.948, 2.795, 0, 0, 0, 0
2, -48.811, 55.948, 2.795, 0, 0, 0, 1
2, -48.811, -41.052, 2.795, 0, 0, 0, 1
2, 48.189, -41.052, 2.795, 0, 0, 0, 1
2, 48.189, 55.948, 2.795, 0, 0, 0, 1
2, 28.602, -38.472, 2.795, 0, 0, 0, 0
2, 34.33, -28.551, 2.795, 0, 0, 0, 1
2, 27.402, -16.551, 2.795, 0, 0, 0, 1
2, 34.33, -4.552, 2.795, 0, 0, 0, 1
2, 27.402, 7.448, 2.795, 0, 0, 0, 1
2, 34.33, 19.448, 2.795, 0, 0, 0, 1
2, 27.402, 31.448, 2.795, 0, 0, 0, 1
2, 34.33, 43.448, 2.795, 0, 0, 0, 1
2, 28.602, 53.368, 2.795, 0, 0, 0, 1
2, 12.345, 53.368, 2.795, 0, 0, 0, 1
2, 6.617, 43.448, 2.795, 0, 0, 0, 1
2, 13.545, 31.448, 2.795, 0, 0, 0, 1
2, 6.617, 19.448, 2.795, 0, 0, 0, 1
2, 13.545, 7.448, 2.795, 0, 0, 0, 1
2, 6.617, -4.552, 2.795, 0, 0, 0, 1
2, 13.545, -16.551, 2.795, 0, 0, 0, 1
2, 6.617, -28.551, 2.795, 0, 0, 0, 1
2, 12.345, -38.472, 2.795, 0, 0, 0, 1
2, -12.968, -38.472, 2.795, 0, 0, 0, 1
2, -7.24, -28.551, 2.795, 0, 0, 0, 1
2, -14.168, -16.551, 2.795, 0, 0, 0, 1
2, -7.24, -4.552, 2.795, 0, 0, 0, 1
2, -14.168, 7.448, 2.795, 0, 0, 0, 1
2, -7.24, 19.448, 2.795, 0, 0, 0, 1
2, -14.168, 31.448, 2.795, 0, 0, 0, 1
2, -7.24, 43.448, 2.795, 0, 0, 0, 1
2, -12.968, 53.368, 2.795, 0, 0, 0, 1
2, -29.225, 53.368, 2.795, 0, 0, 0, 1
2, -34.953, 43.448, 2.795, 0, 0, 0, 1
2, -28.025, 31.448, 2.795, 0, 0, 0, 1
2, -34.953, 19.448, 2.795, 0, 0, 0, 1
2, -28.025, 7.448, 2.795, 0, 0, 0, 1
2, -34.953, -4.552, 2.795, 0, 0, 0, 1
2, -28.025, -16.551, 2.795, 0, 0, 0, 1
2, -34.953, -28.551, 2.795, 0, 0, 0, 1
2, -29.225, -38.472, 2.795, 0, 0, 0, 1
3, 48.189, 55.948, 4.095, 0, 0, 0, 0
3, -48.811, 55.948, 4.095, 0, 0, 0, 1
3, -48.811, -41.052, 4.095, 0, 0, 0, 1
3, 48.189, -41.052, 4.095, 0, 0, 0, 1
3, 48.189, 55.948, 4.095, 0, 0, 0, 1
3, -46.231, 44.573, 4.095, 0, 0, 0, 0
3, -34.303, 44.573, 4.095, 0, 0, 0, 1
3, -29.225, 53.368, 4.095, 0, 0, 0, 1
3, -12.968, 53.368, 4.095, 0, 0, 0, 1
3, -7.889, 44.573, 4.095, 0, 0, 0, 1
3, 7.266, 44.573, 4.095, 0, 0, 0, 1
3, 12.345, 53.368, 4.095, 0, 0, 0, 1
3, 28.602, 53.368, 4.095, 0, 0, 0, 1
3, 33.681, 44.573, 4.095, 0, 0, 0, 1
3, 45.609, 44.573, 4.095, 0, 0, 0, 1
3, 45.609, 42.323, 4.095, 0, 0, 0, 1
3, 33.681, 42.323, 4.095, 0, 0, 0, 1
3, 28.051, 32.573, 4.095, 0, 0, 0, 1
3, 12.896, 32.573, 4.095, 0, 0, 0, 1
3, 7.266, 42.323, 4.095, 0, 0, 0, 1
3, -7.889, 42.323, 4.095, 0, 0, 0, 1
3, -13.519, 32.573, 4.095, 0, 0, 0, 1
3, -28.674, 32.573, 4.095, 0, 0, 0, 1
3, -34.303, 42.323, 4.095, 0, 0, 0, 1
3, -46.231, 42.323, 4.095, 0, 0, 0, 1
3, -46.231, 20.573, 4.095, 0, 0, 0, 1
3, -34.303, 20.573, 4.095, 0, 0, 0, 1
3, -28.674, 30.323, 4.095, 0, 0, 0, 1
3, -13.519, 30.323, 4.095, 0, 0, 0, 1
3, -7.889, 20.573, 4.095, 0, 0, 0, 1
3, 7.266, 20.573, 4.095, 0, 0, 0, 1
3, 12.896, 30.323, 4.095, 0, 0, 0, 1
3, 28.051, 30.323, 4.095, 0, 0, 0, 1
3, 33.681, 20.573, 4.095, 0, 0, 0, 1
3, 45.609, 20.573, 4.095, 0, 0, 0, 1
3, 45.609, 18.323, 4.095, 0, 0, 0, 1
3, 33.681, 18.323, 4.095, 0, 0, 0, 1
3, 28.051, 8.573, 4.095, 0, 0, 0, 1
3, 12.896, 8.573, 4.095, 0, 0, 0, 1
3, 7.266, 18.323, 4.095, 0, 0, 0, 1
3, -7.889, 18.323, 4.095, 0, 0, 0, 1
3, -13.519, 8.573, 4.095, 0, 0, 0, 1
3, -28.674, 8.573, 4.095, 0, 0, 0, 1
3, -34.303, 18.323, 4.095, 0, 0, 0, 1
3, -46.231, 18.323, 4.095, 0, 0, 0, 1
3, -46.231, -3.427, 4.095, 0, 0, 0, 1
3, -34.303, -3.427, 4.095, 0, 0, 0, 1
3, -28.674, 6.323, 4.095, 0, 0, 0, 1
3, -13.519, 6.323, 4.095, 0, 0, 0, 1
3, -7.889, -3.427, 4.095, 0, 0, 0, 1
3, 7.266, -3.427, 4.095, 0, 0, 0, 1
3, 12.896, 6.323, 4.095, 0, 0, 0, 1
3, 28.051, 6.323, 4.095, 0, 0, 0, 1
3, 33.681, -3.427, 4.095, 0, 0, 0, 1
3, 45.609, -3.427, 4.095, 0, 0, 0, 1
3, 45.609, -5.677, 4.095, 0, 0, 0, 1
3, 33.681, -5.677, 4.095, 0, 0, 0, 1
3, 28.051, -15.426, 4.095, 0, 0, 0, 1
3, 12.896, -15.426, 4.095, 0, 0, 0, 1
3, 7.266, -5.677, 4.095, 0, 0, 0, 1
3, -7.889, -5.677, 4.095, 0, 0, 0, 1
3, -13.519, -15.426, 4.095, 0, 0, 0, 1
3, -28.674, -15.426, 4.095, 0, 0, 0, 1
3, -34.303, -5.677, 4.095, 0, 0, 0, 1
3, -46.231, -5.677, 4.095, 0, 0, 0, 1
3, -46.231, -27.426, 4.095, 0, 0, 0, 1
3, -34.303, -27.426, 4.095, 0, 0, 0, 1
3, -28.674, -17.676, 4.095, 0, 0, 0, 1
3, -13.519, -17.676, 4.095, 0, 0, 0, 1
3, -7.889, -27.426, 4.095, 0, 0, 0, 1
3, 7.266, -27.426, 4.095, 0, 0, 0, 1
3, 12.896, -17.676, 4.095, 0, 0, 0, 1
3, 28.051, -17.676, 4.095, 0, 0, 0, 1
3, 33.681, -27.426, 4.095, 0, 0, 0, 1
3, 45.609, -27.426, 4.095, 0, 0, 0, 1
3, 45.609, -29.676, 4.095, 0, 0, 0, 1
3, 33.681, -29.676, 4.095, 0, 0, 0, 1
3, 28.602, -38.472, 4.095, 0, 0, 0, 1
3, 12.345, -38.472, 4.095, 0, 0, 0, 1
3, 7.266, -29.676, 4.095, 0, 0, 0, 1
3, -7.889, -29.676, 4.095, 0, 0, 0, 1
3, -12.968, -38.472, 4.095, 0, 0, 0, 1
3, -29.225, -38.472, 4.095, 0, 0, 0, 1
3, -34.303, -29.676, 4.095, 0, 0, 0, 1
3, -46.231, -29.676, 4.095, 0, 0, 0, 1
4, -48.811, -41.052, 5.395, 0, 0, 0, 0
4, 48.189, -41.052, 5.395, 0, 0, 0, 1
4, 48.189, 55.948, 5.395, 0, 0, 0, 1
4, -48.811, 55.948, 5.395, 0, 0, 0, 1
4, -48.811, -41.052, 5.395, 0, 0, 0, 1
4, -29.225, -38.472, 5.395, 0, 0, 0, 0
4, -34.953, -28.551, 5.395, 0, 0, 0, 1
4, -28.025, -16.551, 5.395, 0, 0, 0, 1
4, -34.953, -4.552, 5.395, 0, 0, 0, 1
4, -28.025, 7.448, 5.395, 0, 0, 0, 1
4, -34.953, 19.448, 5.395, 0, 0, 0, 1
4, -28.025, 31.448, 5.395, 0, 0, 0, 1
4, -34.953, 43.448, 5.395, 0, 0, 0, 1
4, -29.225, 53.368, 5.395, 0, 0, 0, 1
4, -12.968, 53.368, 5.395, 0, 0, 0, 1
4, -7.24, 43.448, 5.395, 0, 0, 0, 1
4, -14.168, 31.448, 5.395, 0, 0, 0, 1
4, -7.24, 19.448, 5.395, 0, 0, 0, 1
4, -14.168, 7.448, 5.395, 0, 0, 0, 1
4, -7.24, -4.552, 5.395, 0, 0, 0, 1
4, -14.168, -16.551, 5.395, 0, 0, 0, 1
4, -7.24, -28.551, 5.395, 0, 0, 0, 1
4, -12.968, -38.472, 5.395, 0, 0, 0, 1
4, 12.345, -38.472, 5.395, 0, 0, 0, 1
4, 6.617, -28.551, 5.395, 0, 0, 0, 1
4, 13.545, -16.551, 5.395, 0, 0, 0, 1
4, 6.617, -4.552, 5.395, 0, 0, 0, 1
4, 13.545, 7.448, 5.395, 0, 0, 0, 1
4, 6.617, 19.448, 5.395, 0, 0, 0, 1
4, 13.545, 31.448, 5.395, 0, 0, 0, 1
4, 6.617, 43.448, 5.395, 0, 0, 0, 1
4, 12.345, 53.368, 5.395, 0, 0, 0, 1
4, 28.602, 53.368, 5.395, 0, 0, 0, 1
4, 34.33, 43.448, 5.395, 0, 0, 0, 1
4, 27.402, 31.448, 5.395, 0, 0, 0, 1
4, 34.33, 19.448, 5.395, 0, 0, 0, 1
4, 27.402, 7.448, 5.395, 0, 0, 0, 1
4, 34.33, -4.552, 5.395, 0, 0, 0, 1
4, 27.402, -16.551, 5.395, 0, 0, 0, 1
4, 34.33, -28.551, 5.395, 0, 0, 0, 1
4, 28.602, -38.472, 5.395, 0, 0, 0, 1
5, 48.189, 55.948, 6.695, 0, 0, 0, 0
5, -48.811, 55.948, 6.695, 0, 0, 0, 1
5, -48.811, -41.052, 6.695, 0, 0, 0, 1
5, 48.189, -41.052, 6.695, 0, 0, 0, 1
5, 48.189, 55.948, 6.695, 0, 0, 0, 1
5, -46.231, 44.573, 6.695, 0, 0, 0, 0
5, -34.303, 44.573, 6.695, 0, 0, 0, 1
5, -29.225, 53.368, 6.695, 0, 0, 0, 1
5, -12.968, 53.368, 6.695, 0, 0, 0, 1
5, -7.889, 44.573, 6.695, 0, 0, 0, 1
5, 7.266, 44.573, 6.695, 0, 0, 0, 1
5, 12.345, 53.368, 6.695, 0, 0, 0, 1
5, 28.602, 53.368, 6.695, 0, 0, 0, 1
5, 33.681, 44.573, 6.695, 0, 0, 0, 1
5, 45.609, 44.573, 6.695, 0, 0, 0, 1
5, 45.609, 42.323, 6.695, 0, 0, 0, 1
5, 33.681, 42.323, 6.695, 0, 0, 0, 1
5, 28.051, 32.573, 6.695, 0, 0, 0, 1
5, 12.896, 32.573, 6.695, 0, 0, 0, 1
5, 7.266, 42.323, 6.695, 0, 0, 0, 1
5, -7.889, 42.323, 6.695, 0, 0, 0, 1
5, -13.519, 32.573, 6.695, 0, 0, 0, 1
5, -28.674, 32.573, 6.695, 0, 0, 0, 1
5, -34.303, 42.323, 6.695, 0, 0, 0, 1
5, -46.231, 42.323, 6.695, 0, 0, 0, 1
5, -46.231, 20.573, 6.695, 0, 0, 0, 1
5, -34.303, 20.573, 6.695, 0, 0, 0, 1
5, -28.674, 30.323, 6.695, 0, 0, 0, 1
5, -13.519, 30.323, 6.695, 0, 0, 0, 1
5, -7.889, 20.573, 6.695, 0, 0, 0, 1
5, 7.266, 20.573, 6.695, 0, 0, 0, 1
5, 12.896, 30.323, 6.695, 0, 0, 0, 1
5, 28.051, 30.323, 6.695, 0, 0, 0, 1
5, 33.681, 20.573, 6.695, 0, 0, 0, 1
5, 45.609, 20.573, 6.695, 0, 0, 0, 1
5, 45.609, 18.323, 6.695, 0, 0, 0, 1
5, 33.681, 18.323, 6.695, 0, 0, 0, 1
5, 28.051, 8.573, 6.695, 0, 0, 0, 1
5, 12.896, 8.573, 6.695, 0, 0, 0, 1
5, 7.266, 18.323, 6.695, 0, 0, 0, 1
5, -7.889, 18.323, 6.695, 0, 0, 0, 1
5, -13.519, 8.573, 6.695, 0, 0, 0, 1
5, -28.674, 8.573, 6.695, 0, 0, 0, 1
5, -34.303, 18.323, 6.695, 0, 0, 0, 1
5, -46.231, 18.323, 6.695, 0, 0, 0, 1
5, -46.231, -3.427, 6.695, 0, 0, 0, 1
5, -34.303, -3.427, 6.695, 0, 0, 0, 1
5, -28.674, 6.323, 6.695, 0, 0, 0, 1
5, -13.519, 6.323, 6.695, 0, 0, 0, 1
5, -7.889, -3.427, 6.695, 0, 0, 0, 1
5, 7.266, -3.427, 6.695, 0, 0, 0, 1
5, 12.896, 6.323, 6.695, 0, 0, 0, 1
5, 28.051, 6.323, 6.695, 0, 0, 0, 1
5, 33.681, -3.427, 6.695, 0, 0, 0, 1
5, 45.609, -3.427, 6.695, 0, 0, 0, 1
5, 45.609, -5.677, 6.695, 0, 0, 0, 1
5, 33.681, -5.677, 6.695, 0, 0, 0, 1
5, 28.051, -15.426, 6.695, 0, 0, 0, 1
5, 12.896, -15.426, 6.695, 0, 0, 0, 1
5, 7.266, -5.677, 6.695, 0, 0, 0, 1
5, -7.889, -5.677, 6.695, 0, 0, 0, 1
5, -13.519, -15.426, 6.695, 0, 0, 0, 1
5, -28.674, -15.426, 6.695, 0, 0, 0, 1
5, -34.303, -5.677, 6.695, 0, 0, 0, 1
5, -46.231, -5.677, 6.695, 0, 0, 0, 1
5, -46.231, -27.426, 6.695, 0, 0, 0, 1
5, -34.303, -27.426, 6.695, 0, 0, 0, 1
5, -28.674, -17.676, 6.695, 0, 0, 0, 1
5, -13.519, -17.676, 6.695, 0, 0, 0, 1
5, -7.889, -27.426, 6.695, 0, 0, 0, 1
5, 7.266, -27.426, 6.695, 0, 0, 0, 1
5, 12.896, -17.676, 6.695, 0, 0, 0, 1
5, 28.051, -17.676, 6.695, 0, 0, 0, 1
5, 33.681, -27.426, 6.695, 0, 0, 0, 1
5, 45.609, -27.426, 6.695, 0, 0, 0, 1
5, 45.609, -29.676, 6.695, 0, 0, 0, 1
5, 33.681, -29.676, 6.695, 0, 0, 0, 1
5, 28.602, -38.472, 6.695, 0, 0, 0, 1
5, 12.345, -38.472, 6.695, 0, 0, 0, 1
5, 7.266, -29.676, 6.695, 0, 0, 0, 1
5, -7.889, -29.676, 6.695, 0, 0, 0, 1
5, -12.968, -38.472, 6.695, 0, 0, 0, 1
5, -29.225, -38.472, 6.695, 0, 0, 0, 1
5, -34.303, -29.676, 6.695, 0, 0, 0, 1
5, -46.231, -29.676, 6.695, 0, 0, 0, 1
6, -48.811, 55.948, 7.995, 0, 0, 0, 0
6, -48.811, -41.052, 7.995, 0, 0, 0, 1
6, 48.189, -41.052, 7.995, 0, 0, 0, 1
6, 48.189, 55.948, 7.995, 0, 0, 0, 1
6, -48.811, 55.948, 7.995, 0, 0, 0, 1
6, -29.225, -38.472, 7.995, 0, 0, 0, 0
6, -34.953, -28.551, 7.995, 0, 0, 0, 1
6, -28.025, -16.551, 7.995, 0, 0, 0, 1
6, -34.953, -4.552, 7.995, 0, 0, 0, 1
6, -28.025, 7.448, 7.995, 0, 0, 0, 1
6, -34.953, 19.448, 7.995, 0, 0, 0, 1
6, -28.025, 31.448, 7.995, 0, 0, 0, 1
6, -34.953, 43.448, 7.995, 0, 0, 0, 1
6, -29.225, 53.368, 7.995, 0, 0, 0, 1
6, -12.968, 53.368, 7.995, 0, 0, 0, 1
6, -7.24, 43.448, 7.995, 0, 0, 0, 1
6, -14.168, 31.448, 7.995, 0, 0, 0, 1
6, -7.24, 19.448, 7.995, 0, 0, 0, 1
6, -14.168, 7.448, 7.995, 0, 0, 0, 1
6, -7.24, -4.552, 7.995, 0, 0, 0, 1
6, -14.168, -16.551, 7.995, 0, 0, 0, 1
6, -7.24, -28.551, 7.995, 0, 0, 0, 1
6, -12.968, -38.472, 7.995, 0, 0, 0, 1
6, 12.345, -38.472, 7.995, 0, 0, 0, 1
6, 6.617, -28.551, 7.995, 0, 0, 0, 1
6, 13.545, -16.551, 7.995, 0, 0, 0, 1
6, 6.617, -4.552, 7.995, 0, 0, 0, 1
6, 13.545, 7.448, 7.995, 0, 0, 0, 1
6, 6.617, 19.448, 7.995, 0, 0, 0, 1
6, 13.545, 31.448, 7.995, 0, 0, 0, 1
6, 6.617, 43.448, 7.995, 0, 0, 0, 1
6, 12.345, 53.368, 7.995, 0, 0, 0, 1
6, 28.602, 53.368, 7.995, 0, 0, 0, 1
6, 34.33, 43.448, 7.995, 0, 0, 0, 1
6, 27.402, 31.448, 7.995, 0, 0, 0, 1
6, 34.33, 19.448, 7.995, 0, 0, 0, 1
6, 27.402, 7.448, 7.995, 0, 0, 0, 1
6, 34.33, -4.552, 7.995, 0, 0, 0, 1
6, 27.402, -16.551, 7.995, 0, 0, 0, 1
6, 34.33, -28.551, 7.995, 0, 0, 0, 1
6, 28.602, -38.472, 7.995, 0, 0, 0, 1
7, 48.189, -41.052, 9.295, 0, 0, 0, 0
7, 48.189, 55.948, 9.295, 0, 0, 0, 1
7, -48.811, 55.948, 9.295, 0, 0, 0, 1
7, -48.811, -41.052, 9.295, 0, 0, 0, 1
7, 48.189, -41.052, 9.295, 0, 0, 0, 1
7, -46.231, -29.676, 9.295, 0, 0, 0, 0
7, -34.303, -29.676, 9.295, 0, 0, 0, 1
7, -29.225, -38.472, 9.295, 0, 0, 0, 1
7, -12.968, -38.472, 9.295, 0, 0, 0, 1
7, -7.889, -29.676, 9.295, 0, 0, 0, 1
7, 7.266, -29.676, 9.295, 0, 0, 0, 1
7, 12.345, -38.472, 9.295, 0, 0, 0, 1
7, 28.602, -38.472, 9.295, 0, 0, 0, 1
7, 33.681, -29.676, 9.295, 0, 0, 0, 1
7, 45.609, -29.676, 9.295, 0, 0, 0, 1
7, 45.609, -27.426, 9.295, 0, 0, 0, 1
7, 33.681, -27.426, 9.295, 0, 0, 0, 1
7, 28.051, -17.676, 9.295, 0, 0, 0, 1
7, 12.896, -17.676, 9.295, 0, 0, 0, 1
7, 7.266, -27.426, 9.295, 0, 0, 0, 1
7, -7.889, -27.426, 9.295, 0, 0, 0, 1
7, -13.519, -17.676, 9.295, 0, 0, 0, 1
7, -28.674, -17.676, 9.295, 0, 0, 0, 1
7, -34.303, -27.426, 9.295, 0, 0, 0, 1
7, -46.231, -27.426, 9.295, 0, 0, 0, 1
7, -46.231, -5.677, 9.295, 0, 0, 0, 1
7, -34.303, -5.677, 9.295, 0, 0, 0, 1
7, -28.674, -15.426, 9.295, 0, 0, 0, 1
7, -13.519, -15.426, 9.295, 0, 0, 0, 1
7, -7.889, -5.677, 9.295, 0, 0, 0, 1
7, 7.266, -5.677, 9.295, 0, 0, 0, 1
7, 12.896, -15.426, 9.295, 0, 0, 0, 1
7, 28.051, -15.426, 9.295, 0, 0, 0, 1
7, 33.681, -5.677, 9.295, 0, 0, 0, 1
7, 45.609, -5.677, 9.295, 0, 0, 0, 1
7, 45.609, -3.427, 9.295, 0, 0, 0, 1
7, 33.681, -3.427, 9.295, 0, 0, 0, 1
7, 28.051, 6.323, 9.295, 0, 0, 0, 1
7, 12.896, 6.323, 9.295, 0, 0, 0, 1
7, 7.266, -3.427, 9.295, 0, 0, 0, 1
7, -7.889, -3.427, 9.295, 0, 0, 0, 1
7, -13.519, 6.323, 9.295, 0, 0, 0, 1
7, -28.674, 6.323, 9.295, 0, 0, 0, 1
7, -34.303, -3.427, 9.295, 0, 0, 0, 1
7, -46.231, -3.427, 9.295, 0, 0, 0, 1
7, -46.231, 18.323, 9.295, 0, 0, 0, 1
7, -34.303, 18.323, 9.295, 0, 0, 0, 1
7, -28.674, 8.573, 9.295, 0, 0, 0, 1
7, -13.519, 8.573, 9.295, 0, 0, 0, 1
7, -7.889, 18.323, 9.295, 0, 0, 0, 1
7, 7.266, 18.323, 9.295, 0, 0, 0, 1
7, 12.896, 8.573, 9.295, 0, 0, 0, 1
7, 28.051, 8.573, 9.295, 0, 0, 0, 1
7, 33.681, 18.323, 9.295, 0, 0, 0, 1
7, 45.609, 18.323, 9.295, 0, 0, 0, 1
7, 45.609, 20.573, 9.295, 0, 0, 0, 1
7, 33.681, 20.573, 9.295, 0, 0, 0, 1
7, 28.051, 30.323, 9.295, 0, 0, 0, 1
7, 12.896, 30.323, 9.295, 0, 0, 0, 1
7, 7.266, 20.573, 9.295, 0, 0, 0, 1
7, -7.889, 20.573, 9.295, 0, 0, 0, 1
7, -13.519, 30.323, 9.295, 0, 0, 0, 1
7, -28.674, 30.323, 9.295, 0, 0, 0, 1
7, -34.303, 20.573, 9.295, 0, 0, 0, 1
7, -46.231, 20.573, 9.295, 0, 0, 0, 1
7, -46.231, 42.323, 9.295, 0, 0, 0, 1
7, -34.303, 42.323, 9.295, 0, 0, 0, 1
7, -28.674, 32.573, 9.295, 0, 0, 0, 1
7, -13.519, 32.573, 9.295, 0, 0, 0, 1
7, -7.889, 42.323, 9.295, 0, 0, 0, 1
7, 7.266, 42.323, 9.295, 0, 0, 0, 1
7, 12.896, 32.573, 9.295, 0, 0, 0, 1
7, 28.051, 32.573, 9.295, 0, 0, 0, 1
7, 33.681, 42.323, 9.295, 0, 0, 0, 1
7, 45.609, 42.323, 9.295, 0, 0, 0, 1
7, 45.609, 44.573, 9.295, 0, 0, 0, 1
7, 33.681, 44.573, 9.295, 0, 0, 0, 1
7, 28.602, 53.368, 9.295, 0, 0, 0, 1
7, 12.345, 53.368, 9.295, 0, 0, 0, 1
7, 7.266, 44.573, 9.295, 0, 0, 0, 1
7, -7.889, 44.573, 9.295, 0, 0, 0, 1
7, -12.968, 53.368, 9.295, 0, 0, 0, 1
7, -29.225, 53.368, 9.295, 0, 0, 0, 1
7, -34.303, 44.573, 9.295, 0, 0, 0, 1
7, -46.231, 44.573, 9.295, 0, 0, 0, 1
8, 48.189, -41.052, 10.595, 0, 0, 0, 0
8, 48.189, 55.948, 10.595, 0, 0, 0, 1
8, -48.811, 55.948, 10.595, 0, 0, 0, 1
8, -48.811, -41.052, 10.595, 0, 0, 0, 1
8, 48.189, -41.052, 10.595, 0, 0, 0, 1
8, 28.602, -38.472, 10.595, 0, 0, 0, 0
8, 34.33, -28.551, 10.595, 0, 0, 0, 1
8, 27.402, -16.551, 10.595, 0, 0, 0, 1
8, 34.33, -4.552, 10.595, 0, 0, 0, 1
8, 27.402, 7.448, 10.595, 0, 0, 0, 1
8, 34.33, 19.448, 10.595, 0, 0, 0, 1
8, 27.402, 31.448, 10.595, 0, 0, 0, 1
8, 34.33, 43.448, 10.595, 0, 0, 0, 1
8, 28.602, 53.368, 10.595, 0, 0, 0, 1
8, 12.345, 53.368, 10.595, 0, 0, 0, 1
8, 6.617, 43.448, 10.595, 0, 0, 0, 1
8, 13.545, 31.448, 10.595, 0, 0, 0, 1
8, 6.617, 19.448, 10.595, 0, 0, 0, 1
8, 13.545, 7.448, 10.595, 0, 0, 0, 1
8, 6.617, -4.552, 10.595, 0, 0, 0, 1
8, 13.545, -16.551, 10.595, 0, 0, 0, 1
8, 6.617, -28.551, 10.595, 0, 0, 0, 1
8, 12.345, -38.472, 10.595, 0, 0, 0, 1
8, -12.968, -38.472, 10.595, 0, 0, 0, 1
8, -7.24, -28.551, 10.595, 0, 0, 0, 1
8, -14.168, -16.551, 10.595, 0, 0, 0, 1
8, -7.24, -4.552, 10.595, 0, 0, 0, 1
8, -14.168, 7.448, 10.595, 0, 0, 0, 1
8, -7.24, 19.448, 10.595, 0, 0, 0, 1
8, -14.168, 31.448, 10.595, 0, 0, 0, 1
8, -7.24, 43.448, 10.595, 0, 0, 0, 1
8, -12.968, 53.368, 10.595, 0, 0, 0, 1
8, -29.225, 53.368, 10.595, 0, 0, 0, 1
8, -34.953, 43.448, 10.595, 0, 0, 0, 1
8, -28.025, 31.448, 10.595, 0, 0, 0, 1
8, -34.953, 19.448, 10.595, 0, 0, 0, 1
8, -28.025, 7.448, 10.595, 0, 0, 0, 1
8, -34.953, -4.552, 10.595, 0, 0, 0, 1
8, -28.025, -16.551, 10.595, 0, 0, 0, 1
8, -34.953, -28.551, 10.595, 0, 0, 0, 1
8, -29.225, -38.472, 10.595, 0, 0, 0, 1
9, -48.811, -41.052, 11.895, 0, 0, 0, 0
9, 48.189, -41.052, 11.895, 0, 0, 0, 1
9, 48.189, 55.948, 11.895, 0, 0, 0, 1
9, -48.811, 55.948, 11.895, 0, 0, 0, 1
9, -48.811, -41.052, 11.895, 0, 0, 0, 1
9, -46.231, -29.676, 11.895, 0, 0, 0, 0
9, -34.303, -29.676, 11.895, 0, 0, 0, 1
9, -29.225, -38.472, 11.895, 0, 0, 0, 1
9, -12.968, -38.472, 11.895, 0, 0, 0, 1
9, -7.889, -29.676, 11.895, 0, 0, 0, 1
9, 7.266, -29.676, 11.895, 0, 0, 0, 1
9, 12.345, -38.472, 11.895, 0, 0, 0, 1
9, 28.602, -38.472, 11.895, 0, 0, 0, 1
9, 33.681, -29.676, 11.895, 0, 0, 0, 1
9, 45.609, -29.676, 11.895, 0, 0, 0, 1
9, 45.609, -27.426, 11.895, 0, 0, 0, 1
9, 33.681, -27.426, 11.895, 0, 0, 0, 1
9, 28.051, -17.676, 11.895, 0, 0, 0, 1
9, 12.896, -17.676, 11.895, 0, 0, 0, 1
9, 7.266, -27.426, 11.895, 0, 0, 0, 1
9, -7.889, -27.426, 11.895, 0, 0, 0, 1
9, -13.519, -17.676, 11.895, 0, 0, 0, 1
9, -28.674, -17.676, 11.895, 0, 0, 0, 1
9, -34.303, -27.426, 11.895, 0, 0, 0, 1
9, -46.231, -27.426, 11.895, 0, 0, 0, 1
9, -46.231, -5.677, 11.895, 0, 0, 0, 1
9, -34.303, -5.677, 11.895, 0, 0, 0, 1
9, -28.674, -15.426, 11.895, 0, 0, 0, 1
9, -13.519, -15.426, 11.895, 0, 0, 0, 1
9, -7.889, -5.677, 11.895, 0, 0, 0, 1
9, 7.266, -5.677, 11.895, 0, 0, 0, 1
9, 12.896, -15.426, 11.895, 0, 0, 0, 1
9, 28.051, -15.426, 11.895, 0, 0, 0, 1
9, 33.681, -5.677, 11.895, 0, 0, 0, 1
9, 45.609, -5.677, 11.895, 0, 0, 0, 1
9, 45.609, -3.427, 11.895, 0, 0, 0, 1
9, 33.681, -3.427, 11.895, 0, 0, 0, 1
9, 28.051, 6.323, 11.895, 0, 0, 0, 1
9, 12.896, 6.323, 11.895, 0, 0, 0, 1
9, 7.266, -3.427, 11.895, 0, 0, 0, 1
9, -7.889, -3.427, 11.895, 0, 0, 0, 1
9, -13.519, 6.323, 11.895, 0, 0, 0, 1
9, -28.674, 6.323, 11.895, 0, 0, 0, 1
9, -34.303, -3.427, 11.895, 0, 0, 0, 1
9, -46.231, -3.427, 11.895, 0, 0, 0, 1
9, -46.231, 18.323, 11.895, 0, 0, 0, 1
9, -34.303, 18.323, 11.895, 0, 0, 0, 1
9, -28.674, 8.573, 11.895, 0, 0, 0, 1
9, -13.519, 8.573, 11.895, 0, 0, 0, 1
9, -7.889, 18.323, 11.895, 0, 0, 0, 1
9, 7.266, 18.323, 11.895, 0, 0, 0, 1
9, 12.896, 8.573, 11.895, 0, 0, 0, 1
9, 28.051, 8.573, 11.895, 0, 0, 0, 1
9, 33.681, 18.323, 11.895, 0, 0, 0, 1
9, 45.609, 18.323, 11.895, 0, 0, 0, 1
9, 45.609, 20.573, 11.895, 0, 0, 0, 1
9, 33.681, 20.573, 11.895, 0, 0, 0, 1
9, 28.051, 30.323, 11.895, 0, 0, 0, 1
9, 12.896, 30.323, 11.895, 0, 0, 0, 1
9, 7.266, 20.573, 11.895, 0, 0, 0, 1
9, -7.889, 20.573, 11.895, 0, 0, 0, 1
9, -13.519, 30.323, 11.895, 0, 0, 0, 1
9, -28.674, 30.323, 11.895, 0, 0, 0, 1
9, -34.303, 20.573, 11.895, 0, 0, 0, 1
9, -46.231, 20.573, 11.895, 0, 0, 0, 1
9, -46.231, 42.323, 11.895, 0, 0, 0, 1
9, -34.303, 42.323, 11.895, 0, 0, 0, 1
9, -28.674, 32.573, 11.895, 0, 0, 0, 1
9, -13.519, 32.573, 11.895, 0, 0, 0, 1
9, -7.889, 42.323, 11.895, 0, 0, 0, 1
9, 7.266, 42.323, 11.895, 0, 0, 0, 1
9, 12.896, 32.573, 11.895, 0, 0, 0, 1
9, 28.051, 32.573, 11.895, 0, 0, 0, 1
9, 33.681, 42.323, 11.895, 0, 0, 0, 1
9, 45.609, 42.323, 11.895, 0, 0, 0, 1
9, 45.609, 44.573, 11.895, 0, 0, 0, 1
9, 33.681, 44.573, 11.895, 0, 0, 0, 1
9, 28.602, 53.368, 11.895, 0, 0, 0, 1
9, 12.345, 53.368, 11.895, 0, 0, 0, 1
9, 7.266, 44.573, 11.895, 0, 0, 0, 1
9, -7.889, 44.573, 11.895, 0, 0, 0, 1
9, -12.968, 53.368, 11.895, 0, 0, 0, 1
9, -29.225, 53.368, 11.895, 0, 0, 0, 1
9, -34.303, 44.573, 11.895, 0, 0, 0, 1
9, -46.231, 44.573, 11.895, 0, 0, 0, 1
10, 48.189, 55.948, 13.195, 0, 0, 0, 0
10, -48.811, 55.948, 13.195, 0, 0, 0, 1
10, -48.811, -41.052, 13.195, 0, 0, 0, 1
10, 48.189, -41.052, 13.195, 0, 0, 0, 1
10, 48.189, 55.948, 13.195, 0, 0, 0, 1
10, 28.602, -38.472, 13.195, 0, 0, 0, 0
10, 34.33, -28.551, 13.195, 0, 0, 0, 1
10, 27.402, -16.551, 13.195, 0, 0, 0, 1
10, 34.33, -4.552, 13.195, 0, 0, 0, 1
10, 27.402, 7.448, 13.195, 0, 0, 0, 1
10, 34.33, 19.448, 13.195, 0, 0, 0, 1
10, 27.402, 31.448, 13.195, 0, 0, 0, 1
10, 34.33, 43.448, 13.195, 0, 0, 0, 1
10, 28.602, 53.368, 13.195, 0, 0, 0, 1
10, 12.345, 53.368, 13.195, 0, 0, 0, 1
10, 6.617, 43.448, 13.195, 0, 0, 0, 1
10, 13.545, 31.448, 13.195, 0, 0, 0, 1
10, 6.617, 19.448, 13.195, 0, 0, 0, 1
10, 13.545, 7.448, 13.195, 0, 0, 0, 1
10, 6.617, -4.552, 13.195, 0, 0, 0, 1
10, 13.545, -16.551, 13.195, 0, 0, 0, 1
10, 6.617, -28.551, 13.195, 0, 0, 0, 1
10, 12.345, -38.472, 13.195, 0, 0, 0, 1
10, -12.968, -38.472, 13.195, 0, 0, 0, 1
10, -7.24, -28.551, 13.195, 0, 0, 0, 1
10, -14.168, -16.551, 13.195, 0, 0, 0, 1
10, -7.24, -4.552, 13.195, 0, 0, 0, 1
10, -14.168, 7.448, 13.195, 0, 0, 0, 1
10, -7.24, 19.448, 13.195, 0, 0, 0, 1
10, -14.168, 31.448, 13.195, 0, 0, 0, 1
10, -7.24, 43.448, 13.195, 0, 0, 0, 1
10, -12.968, 53.368, 13.195, 0, 0, 0, 1
10, -29.225, 53.368, 13.195, 0, 0, 0, 1
10, -34.953, 43.448, 13.195, 0, 0, 0, 1
10, -28.025, 31.448, 13.195, 0, 0, 0, 1
10, -34.953, 19.448, 13.195, 0, 0, 0, 1
10, -28.025, 7.448, 13.195, 0, 0, 0, 1
10, -34.953, -4.552, 13.195, 0, 0, 0, 1
10, -28.025, -16.551, 13.195, 0, 0, 0, 1
10, -34.953, -28.551, 13.195, 0, 0, 0, 1
10, -29.225, -38.472, 13.195, 0, 0, 0, 1
11, 48.189, 55.948, 14.495, 0, 0, 0, 0
11, -48.811, 55.948, 14.495, 0, 0, 0, 1
11, -48.811, -41.052, 14.495, 0, 0, 0, 1
11, 48.189, -41.052, 14.495, 0, 0, 0, 1
11, 48.189, 55.948, 14.495, 0, 0, 0, 1
11, -46.231, 44.573, 14.495, 0, 0, 0, 0
11, -34.303, 44.573, 14.495, 0, 0, 0, 1
11, -29.225, 53.368, 14.495, 0, 0, 0, 1
11, -12.968, 53.368, 14.495, 0, 0, 0, 1
11, -7.889, 44.573, 14.495, 0, 0, 0, 1
11, 7.266, 44.573, 14.495, 0, 0, 0, 1
11, 12.345, 53.368, 14.495, 0, 0, 0, 1
11, 28.602, 53.368, 14.495, 0, 0, 0, 1
11, 33.681, 44.573, 14.495, 0, 0, 0, 1
11, 45.609, 44.573, 14.495, 0, 0, 0, 1
11, 45.609, 42.323, 14.495, 0, 0, 0, 1
11, 33.681, 42.323, 14.495, 0, 0, 0, 1
11, 28.051, 32.573, 14.495, 0, 0, 0, 1
11, 12.896, 32.573, 14.495, 0, 0, 0, 1
11, 7.266, 42.323, 14.495, 0, 0, 0, 1
11, -7.889, 42.323, 14.495, 0, 0, 0, 1
11, -13.519, 32.573, 14.495, 0, 0, 0, 1
11, -28.674, 32.573, 14.495, 0, 0, 0, 1
11, -34.303, 42.323, 14.495, 0, 0, 0, 1
11, -46.231, 42.323, 14.495, 0, 0, 0, 1
11, -46.231, 20.573, 14.495, 0, 0, 0, 1
11, -34.303, 20.573, 14.495, 0, 0, 0, 1
11, -28.674, 30.323, 14.495, 0, 0, 0, 1
11, -13.519, 30.323, 14.495, 0, 0, 0, 1
11, -7.889, 20.573, 14.495, 0, 0, 0, 1
11, 7.266, 20.573, 14.495, 0, 0, 0, 1
11, 12.896, 30.323, 14.495, 0, 0, 0, 1
11, 28.051, 30.323, 14.495, 0, 0, 0, 1
11, 33.681, 20.573, 14.495, 0, 0, 0, 1
11, 45.609, 20.573, 14.495, 0, 0, 0, 1
11, 45.609, 18.323, 14.495, 0, 0, 0, 1
11, 33.681, 18.323, 14.495, 0, 0, 0, 1
11, 28.051, 8.573, 14.495, 0, 0, 0, 1
11, 12.896, 8.573, 14.495, 0, 0, 0, 1
11, 7.266, 18.323, 14.495, 0, 0, 0, 1
11, -7.889, 18.323, 14.495, 0, 0, 0, 1
11, -13.519, 8.573, 14.495, 0, 0, 0, 1
11, -28.674, 8.573, 14.495, 0, 0, 0, 1
11, -34.303, 18.323, 14.495, 0, 0, 0, 1
11, -46.231, 18.323, 14.495, 0, 0, 0, 1
11, -46.231, -3.427, 14.495, 0, 0, 0, 1
11, -34.303, -3.427, 14.495, 0, 0, 0, 1
11, -28.674, 6.323, 14.495, 0, 0, 0, 1
11, -13.519, 6.323, 14.495, 0, 0, 0, 1
11, -7.889, -3.427, 14.495, 0, 0, 0, 1
11, 7.266, -3.427, 14.495, 0, 0, 0, 1
11, 12.896, 6.323, 14.495, 0, 0, 0, 1
11, 28.051, 6.323, 14.495, 0, 0, 0, 1
11, 33.681, -3.427, 14.495, 0, 0, 0, 1
11, 45.609, -3.427, 14.495, 0, 0, 0, 1
11, 45.609, -5.677, 14.495, 0, 0, 0, 1
11, 33.681, -5.677, 14.495, 0, 0, 0, 1
11, 28.051, -15.426, 14.495, 0, 0, 0, 1
11, 12.896, -15.426, 14.495, 0, 0, 0, 1
11, 7.266, -5.677, 14.495, 0, 0, 0, 1
11, -7.889, -5.677, 14.495, 0, 0, 0, 1
11, -13.519, -15.426, 14.495, 0, 0, 0, 1
11, -28.674, -15.426, 14.495, 0, 0, 0, 1
11, -34.303, -5.677, 14.495, 0, 0, 0, 1
11, -46.231, -5.677, 14.495, 0, 0, 0, 1
11, -46.231, -27.426, 14.495, 0, 0, 0, 1
11, -34.303, -27.426, 14.495, 0, 0, 0, 1
11, -28.674, -17.676, 14.495, 0, 0, 0, 1
11, -13.519, -17.676, 14.495, 0, 0, 0, 1
11, -7.889, -27.426, 14.495, 0, 0, 0, 1
11, 7.266, -27.426, 14.495, 0, 0, 0, 1
11, 12.896, -17.676, 14.495, 0, 0, 0, 1
11, 28.051, -17.676, 14.495, 0, 0, 0, 1
11, 33.681, -27.426, 14.495, 0, 0, 0, 1
11, 45.609, -27.426, 14.495, 0, 0, 0, 1
11, 45.609, -29.676, 14.495, 0, 0, 0, 1
11, 33.681, -29.676, 14.495, 0, 0, 0, 1
11, 28.602, -38.472, 14.495, 0, 0, 0, 1
11, 12.345, -38.472, 14.495, 0, 0, 0, 1
11, 7.266, -29.676, 14.495, 0, 0, 0, 1
11, -7.889, -29.676, 14.495, 0, 0, 0, 1
11, -12.968, -38.472, 14.495, 0, 0, 0, 1
11, -29.225, -38.472, 14.495, 0, 0, 0, 1
11, -34.303, -29.676, 14.495, 0, 0, 0, 1
11, -46.231, -29.676, 14.495, 0, 0, 0, 1
12, -48.811, 55.948, 15.795, 0, 0, 0, 0
12, -48.811, -41.052, 15.795, 0, 0, 0, 1
12, 48.189, -41.052, 15.795, 0, 0, 0, 1
12, 48.189, 55.948, 15.795, 0, 0, 0, 1
12, -48.811, 55.948, 15.795, 0, 0, 0, 1
12, -29.225, -38.472, 15.795, 0, 0, 0, 0
12, -34.953, -28.551, 15.795, 0, 0, 0, 1
12, -28.025, -16.551, 15.795, 0, 0, 0, 1
12, -34.953, -4.552, 15.795, 0, 0, 0, 1
12, -28.025, 7.448, 15.795, 0, 0, 0, 1
12, -34.953, 19.448, 15.795, 0, 0, 0, 1
12, -28.025, 31.448, 15.795, 0, 0, 0, 1
12, -34.953, 43.448, 15.795, 0, 0, 0, 1
12, -29.225, 53.368, 15.795, 0, 0, 0, 1
12, -12.968, 53.368, 15.795, 0, 0, 0, 1
12, -7.24, 43.448, 15.795, 0, 0, 0, 1
12, -14.168, 31.448, 15.795, 0, 0, 0, 1
12, -7.24, 19.448, 15.795, 0, 0, 0, 1
12, -14.168, 7.448, 15.795, 0, 0, 0, 1
12, -7.24, -4.552, 15.795, 0, 0, 0, 1
12, -14.168, -16.551, 15.795, 0, 0, 0, 1
12, -7.24, -28.551, 15.795, 0, 0, 0, 1
12, -12.968, -38.472, 15.795, 0, 0, 0, 1
12, 12.345, -38.472, 15.795, 0, 0, 0, 1
12, 6.617, -28.551, 15.795, 0, 0, 0, 1
12, 13.545, -16.551, 15.795, 0, 0, 0, 1
12, 6.617, -4.552, 15.795, 0, 0, 0, 1
12, 13.545, 7.448, 15.795, 0, 0, 0, 1
12, 6.617, 19.448, 15.795, 0, 0, 0, 1
12, 13.545, 31.448, 15.795, 0, 0, 0, 1
12, 6.617, 43.448, 15.795, 0, 0, 0, 1
12, 12.345, 53.368, 15.795, 0, 0, 0, 1
12, 28.602, 53.368, 15.795, 0, 0, 0, 1
12, 34.33, 43.448, 15.795, 0, 0, 0, 1
12, 27.402, 31.448, 15.795, 0, 0, 0, 1
12, 34.33, 19.448, 15.795, 0, 0, 0, 1
12, 27.402, 7.448, 15.795, 0, 0, 0, 1
12, 34.33, -4.552, 15.795, 0, 0, 0, 1
12, 27.402, -16.551, 15.795, 0, 0, 0, 1
12, 34.33, -28.551, 15.795, 0, 0, 0, 1
12, 28.602, -38.472, 15.795, 0, 0, 0, 1
13, -48.811, -41.052, 17.095, 0, 0, 0, 0
13, 48.189, -41.052, 17.095, 0, 0, 0, 1
13, 48.189, 55.948, 17.095, 0, 0, 0, 1
13, -48.811, 55.948, 17.095, 0, 0, 0, 1
13, -48.811, -41.052, 17.095, 0, 0, 0, 1
13, -46.231, -29.676, 17.095, 0, 0, 0, 0
13, -34.303, -29.676, 17.095, 0, 0, 0, 1
13, -29.225, -38.472, 17.095, 0, 0, 0, 1
13, -12.968, -38.472, 17.095, 0, 0, 0, 1
13, -7.889, -29.676, 17.095, 0, 0, 0, 1
13, 7.266, -29.676, 17.095, 0, 0, 0, 1
13, 12.345, -38.472, 17.095, 0, 0, 0, 1
13, 28.602, -38.472, 17.095, 0, 0, 0, 1
13, 33.681, -29.676, 17.095, 0, 0, 0, 1
13, 45.609, -29.676, 17.095, 0, 0, 0, 1
13, 45.609, -27.426, 17.095, 0, 0, 0, 1
13, 33.681, -27.426, 17.095, 0, 0, 0, 1
13, 28.051, -17.676, 17.095, 0, 0, 0, 1
13, 12.896, -17.676, 17.095, 0, 0, 0, 1
13, 7.266, -27.426, 17.095, 0, 0, 0, 1
13, -7.889, -27.426, 17.095, 0, 0, 0, 1
13, -13.519, -17.676, 17.095, 0, 0, 0, 1
13, -28.674, -17.676, 17.095, 0, 0, 0, 1
13, -34.303, -27.426, 17.095, 0, 0, 0, 1
13, -46.231, -27.426, 17.095, 0, 0, 0, 1
13, -46.231, -5.677, 17.095, 0, 0, 0, 1
13, -34.303, -5.677, 17.095, 0, 0, 0, 1
13, -28.674, -15.426, 17.095, 0, 0, 0, 1
13, -13.519, -15.426, 17.095, 0, 0, 0, 1
13, -7.889, -5.677, 17.095, 0, 0, 0, 1
13, 7.266, -5.677, 17.095, 0, 0, 0, 1
13, 12.896, -15.426, 17.095, 0, 0, 0, 1
13, 28.051, -15.426, 17.095, 0, 0, 0, 1
13, 33.681, -5.677, 17.095, 0, 0, 0, 1
13, 45.609, -5.677, 17.095, 0, 0, 0, 1
13, 45.609, -3.427, 17.095, 0, 0, 0, 1
13, 33.681, -3.427, 17.095, 0, 0, 0, 1
13, 28.051, 6.323, 17.095, 0, 0, 0, 1
13, 12.896, 6.323, 17.095, 0, 0, 0, 1
13, 7.266, -3.427, 17.095, 0, 0, 0, 1
13, -7.889, -3.427, 17.095, 0, 0, 0, 1
13, -13.519, 6.323, 17.095, 0, 0, 0, 1
13, -28.674, 6.323, 17.095, 0, 0, 0, 1
13, -34.303, -3.427, 17.095, 0, 0, 0, 1
13, -46.231, -3.427, 17.095, 0, 0, 0, 1
13, -46.231, 18.323, 17.095, 0, 0, 0, 1
13, -34.303, 18.323, 17.095, 0, 0, 0, 1
13, -28.674, 8.573, 17.095, 0, 0, 0, 1
13, -13.519, 8.573, 17.095, 0, 0, 0, 1
13, -7.889, 18.323, 17.095, 0, 0, 0, 1
13, 7.266, 18.323, 17.095, 0, 0, 0, 1
13, 12.896, 8.573, 17.095, 0, 0, 0, 1
13, 28.051, 8.573, 17.095, 0, 0, 0, 1
13, 33.681, 18.323, 17.095, 0, 0, 0, 1
13, 45.609, 18.323, 17.095, 0, 0, 0, 1
13, 45.609, 20.573, 17.095, 0, 0, 0, 1
13, 33.681, 20.573, 17.095, 0, 0, 0, 1
13, 28.051, 30.323, 17.095, 0, 0, 0, 1
13, 12.896, 30.323, 17.095, 0, 0, 0, 1
13, 7.266, 20.573, 17.095, 0, 0, 0, 1
13, -7.889, 20.573, 17.095, 0, 0, 0, 1
13, -13.519, 30.323, 17.095, 0, 0, 0, 1
13, -28.674, 30.323, 17.095, 0, 0, 0, 1
13, -34.303, 20.573, 17.095, 0, 0, 0, 1
13, -46.231, 20.573, 17.095, 0, 0, 0, 1
13, -46.231, 42.323, 17.095, 0, 0, 0, 1
13, -34.303, 42.323, 17.095, 0, 0, 0, 1
13, -28.674, 32.573, 17.095, 0, 0, 0, 1
13, -13.519, 32.573, 17.095, 0, 0, 0, 1
13, -7.889, 42.323, 17.095, 0, 0, 0, 1
13, 7.266, 42.323, 17.095, 0, 0, 0, 1
13, 12.896, 32.573, 17.095, 0, 0, 0, 1
13, 28.051, 32.573, 17.095, 0, 0, 0, 1
13, 33.681, 42.323, 17.095, 0, 0, 0, 1
13, 45.609, 42.323, 17.095, 0, 0, 0, 1
13, 45.609, 44.573, 17.095, 0, 0, 0, 1
13, 33.681, 44.573, 17.095, 0, 0, 0, 1
13, 28.602, 53.368, 17.095, 0, 0, 0, 1
13, 12.345, 53.368, 17.095, 0, 0, 0, 1
13, 7.266, 44.573, 17.095, 0, 0, 0, 1
13, -7.889, 44.573, 17.095, 0, 0, 0, 1
13, -12.968, 53.368, 17.095, 0, 0, 0, 1
13, -29.225, 53.368, 17.095, 0, 0, 0, 1
13, -34.303, 44.573, 17.095, 0, 0, 0, 1
13, -46.231, 44.573, 17.095, 0, 0, 0, 1
14, 48.189, 55.948, 18.395, 0, 0, 0, 0
14, -48.811, 55.948, 18.395, 0, 0, 0, 1
14, -48.811, -41.052, 18.395, 0, 0, 0, 1
14, 48.189, -41.052, 18.395, 0, 0, 0, 1
14, 48.189, 55.948, 18.395, 0, 0, 0, 1
14, 28.602, -38.472, 18.395, 0, 0, 0, 0
14, 34.33, -28.551, 18.395, 0, 0, 0, 1
14, 27.402, -16.551, 18.395, 0, 0, 0, 1
14, 34.33, -4.552, 18.395, 0, 0, 0, 1
14, 27.402, 7.448, 18.395, 0, 0, 0, 1
14, 34.33, 19.448, 18.395, 0, 0, 0, 1
14, 27.402, 31.448, 18.395, 0, 0, 0, 1
14, 34.33, 43.448, 18.395, 0, 0, 0, 1
14, 28.602, 53.368, 18.395, 0, 0, 0, 1
14, 12.345, 53.368, 18.395, 0, 0, 0, 1
14, 6.617, 43.448, 18.395, 0, 0, 0, 1
14, 13.545, 31.448, 18.395, 0, 0, 0, 1
14, 6.617, 19.448, 18.395, 0, 0, 0, 1
14, 13.545, 7.448, 18.395, 0, 0, 0, 1
14, 6.617, -4.552, 18.395, 0, 0, 0, 1
14, 13.545, -16.551, 18.395, 0, 0, 0, 1
14, 6.617, -28.551, 18.395, 0, 0, 0, 1
14, 12.345, -38.472, 18.395, 0, 0, 0, 1
14, -12.968, -38.472, 18.395, 0, 0, 0, 1
14, -7.24, -28.551, 18.395, 0, 0, 0, 1
14, -14.168, -16.551, 18.395, 0, 0, 0, 1
14, -7.24, -4.552, 18.395, 0, 0, 0, 1
14, -14.168, 7.448, 18.395, 0, 0, 0, 1
14, -7.24, 19.448, 18.395, 0, 0, 0, 1
14, -14.168, 31.448, 18.395, 0, 0, 0, 1
14, -7.24, 43.448, 18.395, 0, 0, 0, 1
14, -12.968, 53.368, 18.395, 0, 0, 0, 1
14, -29.225, 53.368, 18.395, 0, 0, 0, 1
14, -34.953, 43.448, 18.395, 0, 0, 0, 1
14, -28.025, 31.448, 18.395, 0, 0, 0, 1
14, -34.953, 19.448, 18.395, 0, 0, 0, 1
14, -28.025, 7.448, 18.395, 0, 0, 0, 1
14, -34.953, -4.552, 18.395, 0, 0, 0, 1
14, -28.025, -16.551, 18.395, 0, 0, 0, 1
14, -34.953, -28.551, 18.395, 0, 0, 0, 1
14, -29.225, -38.472, 18.395, 0, 0, 0, 1
15, 48.189, -41.052, 19.695, 0, 0, 0, 0
15, 48.189, 55.948, 19.695, 0, 0, 0, 1
15, -48.811, 55.948, 19.695, 0, 0, 0, 1
15, -48.811, -41.052, 19.695, 0, 0, 0, 1
15, 48.189, -41.052, 19.695, 0, 0, 0, 1
15, -46.231, -29.676, 19.695, 0, 0, 0, 0
15, -34.303, -29.676, 19.695, 0, 0, 0, 1
15, -29.225, -38.472, 19.695, 0, 0, 0, 1
15, -12.968, -38.472, 19.695, 0, 0, 0, 1
15, -7.889, -29.676, 19.695, 0, 0, 0, 1
15, 7.266, -29.676, 19.695, 0, 0, 0, 1
15, 12.345, -38.472, 19.695, 0, 0, 0, 1
15, 28.602, -38.472, 19.695, 0, 0, 0, 1
15, 33.681, -29.676, 19.695, 0, 0, 0, 1
15, 45.609, -29.676, 19.695, 0, 0, 0, 1
15, 45.609, -27.426, 19.695, 0, 0, 0, 1
15, 33.681, -27.426, 19.695, 0, 0, 0, 1
15, 28.051, -17.676, 19.695, 0, 0, 0, 1
15, 12.896, -17.676, 19.695, 0, 0, 0, 1
15, 7.266, -27.426, 19.695, 0, 0, 0, 1
15, -7.889, -27.426, 19.695, 0, 0, 0, 1
15, -13.519, -17.676, 19.695, 0, 0, 0, 1
15, -28.674, -17.676, 19.695, 0, 0, 0, 1
15, -34.303, -27.426, 19.695, 0, 0, 0, 1
15, -46.231, -27.426, 19.695, 0, 0, 0, 1
15, -46.231, -5.677, 19.695, 0, 0, 0, 1
15, -34.303, -5.677, 19.695, 0, 0, 0, 1
15, -28.674, -15.426, 19.695, 0, 0, 0, 1
15, -13.519, -15.426, 19.695, 0, 0, 0, 1
15, -7.889, -5.677, 19.695, 0, 0, 0, 1
15, 7.266, -5.677, 19.695, 0, 0, 0, 1
15, 12.896, -15.426, 19.695, 0, 0, 0, 1
15, 28.051, -15.426, 19.695, 0, 0, 0, 1
15, 33.681, -5.677, 19.695, 0, 0, 0, 1
15, 45.609, -5.677, 19.695, 0, 0, 0, 1
15, 45.609, -3.427, 19.695, 0, 0, 0, 1
15, 33.681, -3.427, 19.695, 0, 0, 0, 1
15, 28.051, 6.323, 19.695, 0, 0, 0, 1
15, 12.896, 6.323, 19.695, 0, 0, 0, 1
15, 7.266, -3.427, 19.695, 0, 0, 0, 1
15, -7.889, -3.427, 19.695, 0, 0, 0, 1
15, -13.519, 6.323, 19.695, 0, 0, 0, 1
15, -28.674, 6.323, 19.695, 0, 0, 0, 1
15, -34.303, -3.427, 19.695, 0, 0, 0, 1
15, -46.231, -3.427, 19.695, 0, 0, 0, 1
15, -46.231, 18.323, 19.695, 0, 0, 0, 1
15, -34.303, 18.323, 19.695, 0, 0, 0, 1
15, -28.674, 8.573, 19.695, 0, 0, 0, 1
15, -13.519, 8.573, 19.695, 0, 0, 0, 1
15, -7.889, 18.323, 19.695, 0, 0, 0, 1
15, 7.266, 18.323, 19.695, 0, 0, 0, 1
15, 12.896, 8.573, 19.695, 0, 0, 0, 1
15, 28.051, 8.573, 19.695, 0, 0, 0, 1
15, 33.681, 18.323, 19.695, 0, 0, 0, 1
15, 45.609, 18.323, 19.695, 0, 0, 0, 1
15, 45.609, 20.573, 19.695, 0, 0, 0, 1
15, 33.681, 20.573, 19.695, 0, 0, 0, 1
15, 28.051, 30.323, 19.695, 0, 0, 0, 1
15, 12.896, 30.323, 19.695, 0, 0, 0, 1
15, 7.266, 20.573, 19.695, 0, 0, 0, 1
15, -7.889, 20.573, 19.695, 0, 0, 0, 1
15, -13.519, 30.323, 19.695, 0, 0, 0, 1
15, -28.674, 30.323, 19.695, 0, 0, 0, 1
15, -34.303, 20.573, 19.695, 0, 0, 0, 1
15, -46.231, 20.573, 19.695, 0, 0, 0, 1
15, -46.231, 42.323, 19.695, 0, 0, 0, 1
15, -34.303, 42.323, 19.695, 0, 0, 0, 1
15, -28.674, 32.573, 19.695, 0, 0, 0, 1
15, -13.519, 32.573, 19.695, 0, 0, 0, 1
15, -7.889, 42.323, 19.695, 0, 0, 0, 1
15, 7.266, 42.323, 19.695, 0, 0, 0, 1
15, 12.896, 32.573, 19.695, 0, 0, 0, 1
15, 28.051, 32.573, 19.695, 0, 0, 0, 1
15, 33.681, 42.323, 19.695, 0, 0, 0, 1
15, 45.609, 42.323, 19.695, 0, 0, 0, 1
15, 45.609, 44.573, 19.695, 0, 0, 0, 1
15, 33.681, 44.573, 19.695, 0, 0, 0, 1
15, 28.602, 53.368, 19.695, 0, 0, 0, 1
15, 12.345, 53.368, 19.695, 0, 0, 0, 1
15, 7.266, 44.573, 19.695, 0, 0, 0, 1
15, -7.889, 44.573, 19.695, 0, 0, 0, 1
15, -12.968, 53.368, 19.695, 0, 0, 0, 1
15, -29.225, 53.368, 19.695, 0, 0, 0, 1
15, -34.303, 44.573, 19.695, 0, 0, 0, 1
15, -46.231, 44.573, 19.695, 0, 0, 0, 1
16, -48.811, -41.052, 20.995, 0, 0, 0, 0
16, 48.189, -41.052, 20.995, 0, 0, 0, 1
16, 48.189, 55.948, 20.995, 0, 0, 0, 1
16, -48.811, 55.948, 20.995, 0, 0, 0, 1
16, -48.811, -41.052, 20.995, 0, 0, 0, 1
16, -29.225, -38.472, 20.995, 0, 0, 0, 0
16, -34.953, -28.551, 20.995, 0, 0, 0, 1
16, -28.025, -16.551, 20.995, 0, 0, 0, 1
16, -34.953, -4.552, 20.995, 0, 0, 0, 1
16, -28.025, 7.448, 20.995, 0, 0, 0, 1
16, -34.953, 19.448, 20.995, 0, 0, 0, 1
16, -28.025, 31.448, 20.995, 0, 0, 0, 1
16, -34.953, 43.448, 20.995, 0, 0, 0, 1
16, -29.225, 53.368, 20.995, 0, 0, 0, 1
16, -12.968, 53.368, 20.995, 0, 0, 0, 1
16, -7.24, 43.448, 20.995, 0, 0, 0, 1
16, -14.168, 31.448, 20.995, 0, 0, 0, 1
16, -7.24, 19.448, 20.995, 0, 0, 0, 1
16, -14.168, 7.448, 20.995, 0, 0, 0, 1
16, -7.24, -4.552, 20.995, 0, 0, 0, 1
16, -14.168, -16.551, 20.995, 0, 0, 0, 1
16, -7.24, -28.551, 20.995, 0, 0, 0, 1
16, -12.968, -38.472, 20.995, 0, 0, 0, 1
16, 12.345, -38.472, 20.995, 0, 0, 0, 1
16, 6.617, -28.551, 20.995, 0, 0, 0, 1
16, 13.545, -16.551, 20.995, 0, 0, 0, 1
16, 6.617, -4.552, 20.995, 0, 0, 0, 1
16, 13.545, 7.448, 20.995, 0, 0, 0, 1
16, 6.617, 19.448, 20.995, 0, 0, 0, 1
16, 13.545, 31.448, 20.995, 0, 0, 0, 1
16, 6.617, 43.448, 20.995, 0, 0, 0, 1
16, 12.345, 53.368, 20.995, 0, 0, 0, 1
16, 28.602, 53.368, 20.995, 0, 0, 0, 1
16, 34.33, 43.448, 20.995, 0, 0, 0, 1
16, 27.402, 31.448, 20.995, 0, 0, 0, 1
16, 34.33, 19.448, 20.995, 0, 0, 0, 1
16, 27.402, 7.448, 20.995, 0, 0, 0, 1
16, 34.33, -4.552, 20.995, 0, 0, 0, 1
16, 27.402, -16.551, 20.995, 0, 0, 0, 1
16, 34.33, -28.551, 20.995, 0, 0, 0, 1
16, 28.602, -38.472, 20.995, 0, 0, 0, 1
17, -48.811, -41.052, 22.295, 0, 0, 0, 0
17, 48.189, -41.052, 22.295, 0, 0, 0, 1
17, 48.189, 55.948, 22.295, 0, 0, 0, 1
17, -48.811, 55.948, 22.295, 0, 0, 0, 1
17, -48.811, -41.052, 22.295, 0, 0, 0, 1
17, -46.231, -29.676, 22.295, 0, 0, 0, 0
17, -34.303, -29.676, 22.295, 0, 0, 0, 1
17, -29.225, -38.472, 22.295, 0, 0, 0, 1
17, -12.968, -38.472, 22.295, 0, 0, 0, 1
17, -7.889, -29.676, 22.295, 0, 0, 0, 1
17, 7.266, -29.676, 22.295, 0, 0, 0, 1
17, 12.345, -38.472, 22.295, 0, 0, 0, 1
17, 28.602, -38.472, 22.295, 0, 0, 0, 1
17, 33.681, -29.676, 22.295, 0, 0, 0, 1
17, 45.609, -29.676, 22.295, 0, 0, 0, 1
17, 45.609, -27.426, 22.295, 0, 0, 0, 1
17, 33.681, -27.426, 22.295, 0, 0, 0, 1
17, 28.051, -17.676, 22.295, 0, 0, 0, 1
17, 12.896, -17.676, 22.295, 0, 0, 0, 1
17, 7.266, -27.426, 22.295, 0, 0, 0, 1
17, -7.889, -27.426, 22.295, 0, 0, 0, 1
17, -13.519, -17.676, 22.295, 0, 0, 0, 1
17, -28.674, -17.676, 22.295, 0, 0, 0, 1
17, -34.303, -27.426, 22.295, 0, 0, 0, 1
17, -46.231, -27.426, 22.295, 0, 0, 0, 1
17, -46.231, -5.677, 22.295, 0, 0, 0, 1
17, -34.303, -5.677, 22.295, 0, 0, 0, 1
17, -28.674, -15.426, 22.295, 0, 0, 0, 1
17, -13.519, -15.426, 22.295, 0, 0, 0, 1
17, -7.889, -5.677, 22.295, 0, 0, 0, 1
17, 7.266, -5.677, 22.295, 0, 0, 0, 1
17, 12.896, -15.426, 22.295, 0, 0, 0, 1
17, 28.051, -15.426, 22.295, 0, 0, 0, 1
17, 33.681, -5.677, 22.295, 0, 0, 0, 1
17, 45.609, -5.677, 22.295, 0, 0, 0, 1
17, 45.609, -3.427, 22.295, 0, 0, 0, 1
17, 33.681, -3.427, 22.295, 0, 0, 0, 1
17, 28.051, 6.323, 22.295, 0, 0, 0, 1
17, 12.896, 6.323, 22.295, 0, 0, 0, 1
17, 7.266, -3.427, 22.295, 0, 0, 0, 1
17, -7.889, -3.427, 22.295, 0, 0, 0, 1
17, -13.519, 6.323, 22.295, 0, 0, 0, 1
17, -28.674, 6.323, 22.295, 0, 0, 0, 1
17, -34.303, -3.427, 22.295, 0, 0, 0, 1
17, -46.231, -3.427, 22.295, 0, 0, 0, 1
17, -46.231, 18.323, 22.295, 0, 0, 0, 1
17, -34.303, 18.323, 22.295, 0, 0, 0, 1
17, -28.674, 8.573, 22.295, 0, 0, 0, 1
17, -13.519, 8.573, 22.295, 0, 0, 0, 1
17, -7.889, 18.323, 22.295, 0, 0, 0, 1
17, 7.266, 18.323, 22.295, 0, 0, 0, 1
17, 12.896, 8.573, 22.295, 0, 0, 0, 1
17, 28.051, 8.573, 22.295, 0, 0, 0, 1
17, 33.681, 18.323, 22.295, 0, 0, 0, 1
17, 45.609, 18.323, 22.295, 0, 0, 0, 1
17, 45.609, 20.573, 22.295, 0, 0, 0, 1
17, 33.681, 20.573, 22.295, 0, 0, 0, 1
17, 28.051, 30.323, 22.295, 0, 0, 0, 1
17, 12.896, 30.323, 22.295, 0, 0, 0, 1
17, 7.266, 20.573, 22.295, 0, 0, 0, 1
17, -7.889, 20.573, 22.295, 0, 0, 0, 1
17, -13.519, 30.323, 22.295, 0, 0, 0, 1
17, -28.674, 30.323, 22.295, 0, 0, 0, 1
17, -34.303, 20.573, 22.295, 0, 0, 0, 1
17, -46.231, 20.573, 22.295, 0, 0, 0, 1
17, -46.231, 42.323, 22.295, 0, 0, 0, 1
17, -34.303, 42.323, 22.295, 0, 0, 0, 1
17, -28.674, 32.573, 22.295, 0, 0, 0, 1
17, -13.519, 32.573, 22.295, 0, 0, 0, 1
17, -7.889, 42.323, 22.295, 0, 0, 0, 1
17, 7.266, 42.323, 22.295, 0, 0, 0, 1
17, 12.896, 32.573, 22.295, 0, 0, 0, 1
17, 28.051, 32.573, 22.295, 0, 0, 0, 1
17, 33.681, 42.323, 22.295, 0, 0, 0, 1
17, 45.609, 42.323, 22.295, 0, 0, 0, 1
17, 45.609, 44.573, 22.295, 0, 0, 0, 1
17, 33.681, 44.573, 22.295, 0, 0, 0, 1
17, 28.602, 53.368, 22.295, 0, 0, 0, 1
17, 12.345, 53.368, 22.295, 0, 0, 0, 1
17, 7.266, 44.573, 22.295, 0, 0, 0, 1
17, -7.889, 44.573, 22.295, 0, 0, 0, 1
17, -12.968, 53.368, 22.295, 0, 0, 0, 1
17, -29.225, 53.368, 22.295, 0, 0, 0, 1
17, -34.303, 44.573, 22.295, 0, 0, 0, 1
17, -46.231, 44.573, 22.295, 0, 0, 0, 1
18, 48.189, 55.948, 23.595, 0, 0, 0, 0
18, -48.811, 55.948, 23.595, 0, 0, 0, 1
18, -48.811, -41.052, 23.595, 0, 0, 0, 1
18, 48.189, -41.052, 23.595, 0, 0, 0, 1
18, 48.189, 55.948, 23.595, 0, 0, 0, 1
18, 28.602, -38.472, 23.595, 0, 0, 0, 0
18, 34.33, -28.551, 23.595, 0, 0, 0, 1
18, 27.402, -16.551, 23.595, 0, 0, 0, 1
18, 34.33, -4.552, 23.595, 0, 0, 0, 1
18, 27.402, 7.448, 23.595, 0, 0, 0, 1
18, 34.33, 19.448, 23.595, 0, 0, 0, 1
18, 27.402, 31.448, 23.595, 0, 0, 0, 1
18, 34.33, 43.448, 23.595, 0, 0, 0, 1
18, 28.602, 53.368, 23.595, 0, 0, 0, 1
18, 12.345, 53.368, 23.595, 0, 0, 0, 1
18, 6.617, 43.448, 23.595, 0, 0, 0, 1
18, 13.545, 31.448, 23.595, 0, 0, 0, 1
18, 6.617, 19.448, 23.595, 0, 0, 0, 1
18, 13.545, 7.448, 23.595, 0, 0, 0, 1
18, 6.617, -4.552, 23.595, 0, 0, 0, 1
18, 13.545, -16.551, 23.595, 0, 0, 0, 1
18, 6.617, -28.551, 23.595, 0, 0, 0, 1
18, 12.345, -38.472, 23.595, 0, 0, 0, 1
18, -12.968, -38.472, 23.595, 0, 0, 0, 1
18, -7.24, -28.551, 23.595, 0, 0, 0, 1
18, -14.168, -16.551, 23.595, 0, 0, 0, 1
18, -7.24, -4.552, 23.595, 0, 0, 0, 1
18, -14.168, 7.448, 23.595, 0, 0, 0, 1
18, -7.24, 19.448, 23.595, 0, 0, 0, 1
18, -14.168, 31.448, 23.595, 0, 0, 0, 1
18, -7.24, 43.448, 23.595, 0, 0, 0, 1
18, -12.968, 53.368, 23.595, 0, 0, 0, 1
18, -29.225, 53.368, 23.595, 0, 0, 0, 1
18, -34.953, 43.448, 23.595, 0, 0, 0, 1
18, -28.025, 31.448, 23.595, 0, 0, 0, 1
18, -34.953, 19.448, 23.595, 0, 0, 0, 1
18, -28.025, 7.448, 23.595, 0, 0, 0, 1
18, -34.953, -4.552, 23.595, 0, 0, 0, 1
18, -28.025, -16.551, 23.595, 0, 0, 0, 1
18, -34.953, -28.551, 23.595, 0, 0, 0, 1
18, -29.225, -38.472, 23.595, 0, 0, 0, 1
19, 48.189, -41.052, 24.895, 0, 0, 0, 0
19, 48.189, 55.948, 24.895, 0, 0, 0, 1
19, -48.811, 55.948, 24.895, 0, 0, 0, 1
19, -48.811, -41.052, 24.895, 0, 0, 0, 1
19, 48.189, -41.052, 24.895, 0, 0, 0, 1
19, -46.231, -29.676, 24.895, 0, 0, 0, 0
19, -34.303, -29.676, 24.895, 0, 0, 0, 1
19, -29.225, -38.472, 24.895, 0, 0, 0, 1
19, -12.968, -38.472, 24.895, 0, 0, 0, 1
19, -7.889, -29.676, 24.895, 0, 0, 0, 1
19, 7.266, -29.676, 24.895, 0, 0, 0, 1
19, 12.345, -38.472, 24.895, 0, 0, 0, 1
19, 28.602, -38.472, 24.895, 0, 0, 0, 1
19, 33.681, -29.676, 24.895, 0, 0, 0, 1
19, 45.609, -29.676, 24.895, 0, 0, 0, 1
19, 45.609, -27.426, 24.895, 0, 0, 0, 1
19, 33.681, -27.426, 24.895, 0, 0, 0, 1
19, 28.051, -17.676, 24.895, 0, 0, 0, 1
19, 12.896, -17.676, 24.895, 0, 0, 0, 1
19, 7.266, -27.426, 24.895, 0, 0, 0, 1
19, -7.889, -27.426, 24.895, 0, 0, 0, 1
19, -13.519, -17.676, 24.895, 0, 0, 0, 1
19, -28.674, -17.676, 24.895, 0, 0, 0, 1
19, -34.303, -27.426, 24.895, 0, 0, 0, 1
19, -46.231, -27.426, 24.895, 0, 0, 0, 1
19, -46.231, -5.677, 24.895, 0, 0, 0, 1
19, -34.303, -5.677, 24.895, 0, 0, 0, 1
19, -28.674, -15.426, 24.895, 0, 0, 0, 1
19, -13.519, -15.426, 24.895, 0, 0, 0, 1
19, -7.889, -5.677, 24.895, 0, 0, 0, 1
19, 7.266, -5.677, 24.895, 0, 0, 0, 1
19, 12.896, -15.426, 24.895, 0, 0, 0, 1
19, 28.051, -15.426, 24.895, 0, 0, 0, 1
19, 33.681, -5.677, 24.895, 0, 0, 0, 1
19, 45.609, -5.677, 24.895, 0, 0, 0, 1
19, 45.609, -3.427, 24.895, 0, 0, 0, 1
19, 33.681, -3.427, 24.895, 0, 0, 0, 1
19, 28.051, 6.323, 24.895, 0, 0, 0, 1
19, 12.896, 6.323, 24.895, 0, 0, 0, 1
19, 7.266, -3.427, 24.895, 0, 0, 0, 1
19, -7.889, -3.427, 24.895, 0, 0, 0, 1
19, -13.519, 6.323, 24.895, 0, 0, 0, 1
19, -28.674, 6.323, 24.895, 0, 0, 0, 1
19, -34.303, -3.427, 24.895, 0, 0, 0, 1
19, -46.231, -3.427, 24.895, 0, 0, 0, 1
19, -46.231, 18.323, 24.895, 0, 0, 0, 1
19, -34.303, 18.323, 24.895, 0, 0, 0, 1
19, -28.674, 8.573, 24.895, 0, 0, 0, 1
19, -13.519, 8.573, 24.895, 0, 0, 0, 1
19, -7.889, 18.323, 24.895, 0, 0, 0, 1
19, 7.266, 18.323, 24.895, 0, 0, 0, 1
19, 12.896, 8.573, 24.895, 0, 0, 0, 1
19, 28.051, 8.573, 24.895, 0, 0, 0, 1
19, 33.681, 18.323, 24.895, 0, 0, 0, 1
19, 45.609, 18.323, 24.895, 0, 0, 0, 1
19, 45.609, 20.573, 24.895, 0, 0, 0, 1
19, 33.681, 20.573, 24.895, 0, 0, 0, 1
19, 28.051, 30.323, 24.895, 0, 0, 0, 1
19, 12.896, 30.323, 24.895, 0, 0, 0, 1
19, 7.266, 20.573, 24.895, 0, 0, 0, 1
19, -7.889, 20.573, 24.895, 0, 0, 0, 1
19, -13.519, 30.323, 24.895, 0, 0, 0, 1
19, -28.674, 30.323, 24.895, 0, 0, 0, 1
19, -34.303, 20.573, 24.895, 0, 0, 0, 1
19, -46.231, 20.573, 24.895, 0, 0, 0, 1
19, -46.231, 42.323, 24.895, 0, 0, 0, 1
19, -34.303, 42.323, 24.895, 0, 0, 0, 1
19, -28.674, 32.573, 24.895, 0, 0, 0, 1
19, -13.519, 32.573, 24.895, 0, 0, 0, 1
19, -7.889, 42.323, 24.895, 0, 0, 0, 1
19, 7.266, 42.323, 24.895, 0, 0, 0, 1
19, 12.896, 32.573, 24.895, 0, 0, 0, 1
19, 28.051, 32.573, 24.895, 0, 0, 0, 1
19, 33.681, 42.323, 24.895, 0, 0, 0, 1
19, 45.609, 42.323, 24.895, 0, 0, 0, 1
19, 45.609, 44.573, 24.895, 0, 0, 0, 1
19, 33.681, 44.573, 24.895, 0, 0, 0, 1
19, 28.602, 53.368, 24.895, 0, 0, 0, 1
19, 12.345, 53.368, 24.895, 0, 0, 0, 1
19, 7.266, 44.573, 24.895, 0, 0, 0, 1
19, -7.889, 44.573, 24.895, 0, 0, 0, 1
19, -12.968, 53.368, 24.895, 0, 0, 0, 1
19, -29.225, 53.368, 24.895, 0, 0, 0, 1
19, -34.303, 44.573, 24.895, 0, 0, 0, 1
19, -46.231, 44.573, 24.895, 0, 0, 0, 1
20, -48.811, -41.052, 26.195, 0, 0, 0, 0
20, 48.189, -41.052, 26.195, 0, 0, 0, 1
20, 48.189, 55.948, 26.195, 0, 0, 0, 1
20, -48.811, 55.948, 26.195, 0, 0, 0, 1
20, -48.811, -41.052, 26.195, 0, 0, 0, 1
20, -29.225, -38.472, 26.195, 0, 0, 0, 0
20, -34.953, -28.551, 26.195, 0, 0, 0, 1
20, -28.025, -16.551, 26.195, 0, 0, 0, 1
20, -34.953, -4.552, 26.195, 0, 0, 0, 1
20, -28.025, 7.448, 26.195, 0, 0, 0, 1
20, -34.953, 19.448, 26.195, 0, 0, 0, 1
20, -28.025, 31.448, 26.195, 0, 0, 0, 1
20, -34.953, 43.448, 26.195, 0, 0, 0, 1
20, -29.225, 53.368, 26.195, 0, 0, 0, 1
20, -12.968, 53.368, 26.195, 0, 0, 0, 1
20, -7.24, 43.448, 26.195, 0, 0, 0, 1
20, -14.168, 31.448, 26.195, 0, 0, 0, 1
20, -7.24, 19.448, 26.195, 0, 0, 0, 1
20, -14.168, 7.448, 26.195, 0, 0, 0, 1
20, -7.24, -4.552, 26.195, 0, 0, 0, 1
20, -14.168, -16.551, 26.195, 0, 0, 0, 1
20, -7.24, -28.551, 26.195, 0, 0, 0, 1
20, -12.968, -38.472, 26.195, 0, 0, 0, 1
20, 12.345, -38.472, 26.195, 0, 0, 0, 1
20, 6.617, -28.551, 26.195, 0, 0, 0, 1
20, 13.545, -16.551, 26.195, 0, 0, 0, 1
20, 6.617, -4.552, 26.195, 0, 0, 0, 1
20, 13.545, 7.448, 26.195, 0, 0, 0, 1
20, 6.617, 19.448, 26.195, 0, 0, 0, 1
20, 13.545, 31.448, 26.195, 0, 0, 0, 1
20, 6.617, 43.448, 26.195, 0, 0, 0, 1
20, 12.345, 53.368, 26.195, 0, 0, 0, 1
20, 28.602, 53.368, 26.195, 0, 0, 0, 1
20, 34.33, 43.448, 26.195, 0, 0, 0, 1
20, 27.402, 31.448, 26.195, 0, 0, 0, 1
20, 34.33, 19.448, 26.195, 0, 0, 0, 1
20, 27.402, 7.448, 26.195, 0, 0, 0, 1
20, 34.33, -4.552, 26.195, 0, 0, 0, 1
20, 27.402, -16.551, 26.195, 0, 0, 0, 1
20, 34.33, -28.551, 26.195, 0, 0, 0, 1
20, 28.602, -38.472, 26.195, 0, 0, 0, 1
21, 48.189, -41.052, 27.495, 0, 0, 0, 0
21, 48.189, 55.948, 27.495, 0, 0, 0, 1
21, -48.811, 55.948, 27.495, 0, 0, 0, 1
21, -48.811, -41.052, 27.495, 0, 0, 0, 1
21, 48.189, -41.052, 27.495, 0, 0, 0, 1
21, -46.231, -29.676, 27.495, 0, 0, 0, 0
21, -34.303, -29.676, 27.495, 0, 0, 0, 1
21, -29.225, -38.472, 27.495, 0, 0, 0, 1
21, -12.968, -38.472, 27.495, 0, 0, 0, 1
21, -7.889, -29.676, 27.495, 0, 0, 0, 1
21, 7.266, -29.676, 27.495, 0, 0, 0, 1
21, 12.345, -38.472, 27.495, 0, 0, 0, 1
21, 28.602, -38.472, 27.495, 0, 0, 0, 1
21, 33.681, -29.676, 27.495, 0, 0, 0, 1
21, 45.609, -29.676, 27.495, 0, 0, 0, 1
21, 45.609, -27.426, 27.495, 0, 0, 0, 1
21, 33.681, -27.426, 27.495, 0, 0, 0, 1
21, 28.051, -17.676, 27.495, 0, 0, 0, 1
21, 12.896, -17.676, 27.495, 0, 0, 0, 1
21, 7.266, -27.426, 27.495, 0, 0, 0, 1
21, -7.889, -27.426, 27.495, 0, 0, 0, 1
21, -13.519, -17.676, 27.495, 0, 0, 0, 1
21, -28.674, -17.676, 27.495, 0, 0, 0, 1
21, -34.303, -27.426, 27.495, 0, 0, 0, 1
21, -46.231, -27.426, 27.495, 0, 0, 0, 1
21, -46.231, -5.677, 27.495, 0, 0, 0, 1
21, -34.303, -5.677, 27.495, 0, 0, 0, 1
21, -28.674, -15.426, 27.495, 0, 0, 0, 1
21, -13.519, -15.426, 27.495, 0, 0, 0, 1
21, -7.889, -5.677, 27.495, 0, 0, 0, 1
21, 7.266, -5.677, 27.495, 0, 0, 0, 1
21, 12.896, -15.426, 27.495, 0, 0, 0, 1
21, 28.051, -15.426, 27.495, 0, 0, 0, 1
21, 33.681, -5.677, 27.495, 0, 0, 0, 1
21, 45.609, -5.677, 27.495, 0, 0, 0, 1
21, 45.609, -3.427, 27.495, 0, 0, 0, 1
21, 33.681, -3.427, 27.495, 0, 0, 0, 1
21, 28.051, 6.323, 27.495, 0, 0, 0, 1
21, 12.896, 6.323, 27.495, 0, 0, 0, 1
21, 7.266, -3.427, 27.495, 0, 0, 0, 1
21, -7.889, -3.427, 27.495, 0, 0, 0, 1
21, -13.519, 6.323, 27.495, 0, 0, 0, 1
21, -28.674, 6.323, 27.495, 0, 0, 0, 1
21, -34.303, -3.427, 27.495, 0, 0, 0, 1
21, -46.231, -3.427, 27.495, 0, 0, 0, 1
21, -46.231, 18.323, 27.495, 0, 0, 0, 1
21, -34.303, 18.323, 27.495, 0, 0, 0, 1
21, -28.674, 8.573, 27.495, 0, 0, 0, 1
21, -13.519, 8.573, 27.495, 0, 0, 0, 1
21, -7.889, 18.323, 27.495, 0, 0, 0, 1
21, 7.266, 18.323, 27.495, 0, 0, 0, 1
21, 12.896, 8.573, 27.495, 0, 0, 0, 1
21, 28.051, 8.573, 27.495, 0, 0, 0, 1
21, 33.681, 18.323, 27.495, 0, 0, 0, 1
21, 45.609, 18.323, 27.495, 0, 0, 0, 1
21, 45.609, 20.573, 27.495, 0, 0, 0, 1
21, 33.681, 20.573, 27.495, 0, 0, 0, 1
21, 28.051, 30.323, 27.495, 0, 0, 0, 1
21, 12.896, 30.323, 27.495, 0, 0, 0, 1
21, 7.266, 20.573, 27.495, 0, 0, 0, 1
21, -7.889, 20.573, 27.495, 0, 0, 0, 1
21, -13.519, 30.323, 27.495, 0, 0, 0, 1
21, -28.674, 30.323, 27.495, 0, 0, 0, 1
21, -34.303, 20.573, 27.495, 0, 0, 0, 1
21, -46.231, 20.573, 27.495, 0, 0, 0, 1
21, -46.231, 42.323, 27.495, 0, 0, 0, 1
21, -34.303, 42.323, 27.495, 0, 0, 0, 1
21, -28.674, 32.573, 27.495, 0, 0, 0, 1
21, -13.519, 32.573, 27.495, 0, 0, 0, 1
21, -7.889, 42.323, 27.495, 0, 0, 0, 1
21, 7.266, 42.323, 27.495, 0, 0, 0, 1
21, 12.896, 32.573, 27.495, 0, 0, 0, 1
21, 28.051, 32.573, 27.495, 0, 0, 0, 1
21, 33.681, 42.323, 27.495, 0, 0, 0, 1
21, 45.609, 42.323, 27.495, 0, 0, 0, 1
21, 45.609, 44.573, 27.495, 0, 0, 0, 1
21, 33.681, 44.573, 27.495, 0, 0, 0, 1
21, 28.602, 53.368, 27.495, 0, 0, 0, 1
21, 12.345, 53.368, 27.495, 0, 0, 0, 1
21, 7.266, 44.573, 27.495, 0, 0, 0, 1
21, -7.889, 44.573, 27.495, 0, 0, 0, 1
21, -12.968, 53.368, 27.495, 0, 0, 0, 1
21, -29.225, 53.368, 27.495, 0, 0, 0, 1
21, -34.303, 44.573, 27.495, 0, 0, 0, 1
21, -46.231, 44.573, 27.495, 0, 0, 0, 1
22, -48.811, 55.948, 28.795, 0, 0, 0, 0
22, -48.811, -41.052, 28.795, 0, 0, 0, 1
22, 48.189, -41.052, 28.795, 0, 0, 0, 1
22, 48.189, 55.948, 28.795, 0, 0, 0, 1
22, -48.811, 55.948, 28.795, 0, 0, 0, 1
22, -29.225, -38.472, 28.795, 0, 0, 0, 0
22, -34.953, -28.551, 28.795, 0, 0, 0, 1
22, -28.025, -16.551, 28.795, 0, 0, 0, 1
22, -34.953, -4.552, 28.795, 0, 0, 0, 1
22, -28.025, 7.448, 28.795, 0, 0, 0, 1
22, -34.953, 19.448, 28.795, 0, 0, 0, 1
22, -28.025, 31.448, 28.795, 0, 0, 0, 1
22, -34.953, 43.448, 28.795, 0, 0, 0, 1
22, -29.225, 53.368, 28.795, 0, 0, 0, 1
22, -12.968, 53.368, 28.795, 0, 0, 0, 1
22, -7.24, 43.448, 28.795, 0, 0, 0, 1
22, -14.168, 31.448, 28.795, 0, 0, 0, 1
22, -7.24, 19.448, 28.795, 0, 0, 0, 1
22, -14.168, 7.448, 28.795, 0, 0, 0, 1
22, -7.24, -4.552, 28.795, 0, 0, 0, 1
22, -14.168, -16.551, 28.795, 0, 0, 0, 1
22, -7.24, -28.551, 28.795, 0, 0, 0, 1
22, -12.968, -38.472, 28.795, 0, 0, 0, 1
22, 12.345, -38.472, 28.795, 0, 0, 0, 1
22, 6.617, -28.551, 28.795, 0, 0, 0, 1
22, 13.545, -16.551, 28.795, 0, 0, 0, 1
22, 6.617, -4.552, 28.795, 0, 0, 0, 1
22, 13.545, 7.448, 28.795, 0, 0, 0, 1
22, 6.617, 19.448, 28.795, 0, 0, 0, 1
22, 13.545, 31.448, 28.795, 0, 0, 0, 1
22, 6.617, 43.448, 28.795, 0, 0, 0, 1
22, 12.345, 53.368, 28.795, 0, 0, 0, 1
22, 28.602, 53.368, 28.795, 0, 0, 0, 1
22, 34.33, 43.448, 28.795, 0, 0, 0, 1
22, 27.402, 31.448, 28.795, 0, 0, 0, 1
22, 34.33, 19.448, 28.795, 0, 0, 0, 1
22, 27.402, 7.448, 28.795, 0, 0, 0, 1
22, 34.33, -4.552, 28.795, 0, 0, 0, 1
22, 27.402, -16.551, 28.795, 0, 0, 0, 1
22, 34.33, -28.551, 28.795, 0, 0, 0, 1
22, 28.602, -38.472, 28.795, 0, 0, 0, 1
23, 48.189, 55.948, 30.095, 0, 0, 0, 0
23, -48.811, 55.948, 30.095, 0, 0, 0, 1
23, -48.811, -41.052, 30.095, 0, 0, 0, 1
23, 48.189, -41.052, 30.095, 0, 0, 0, 1
23, 48.189, 55.948, 30.095, 0, 0, 0, 1
23, -46.231, 44.573, 30.095, 0, 0, 0, 0
23, -34.303, 44.573, 30.095, 0, 0, 0, 1
23, -29.225, 53.368, 30.095, 0, 0, 0, 1
23, -12.968, 53.368, 30.095, 0, 0, 0, 1
23, -7.889, 44.573, 30.095, 0, 0, 0, 1
23, 7.266, 44.573, 30.095, 0, 0, 0, 1
23, 12.345, 53.368, 30.095, 0, 0, 0, 1
23, 28.602, 53.368, 30.095, 0, 0, 0, 1
23, 33.681, 44.573, 30.095, 0, 0, 0, 1
23, 45.609, 44.573, 30.095, 0, 0, 0, 1
23, 45.609, 42.323, 30.095, 0, 0, 0, 1
23, 33.681, 42.323, 30.095, 0, 0, 0, 1
23, 28.051, 32.573, 30.095, 0, 0, 0, 1
23, 12.896, 32.573, 30.095, 0, 0, 0, 1
23, 7.266, 42.323, 30.095, 0, 0, 0, 1
23, -7.889, 42.323, 30.095, 0, 0, 0, 1
23, -13.519, 32.573, 30.095, 0, 0, 0, 1
23, -28.674, 32.573, 30.095, 0, 0, 0, 1
23, -34.303, 42.323, 30.095, 0, 0, 0, 1
23, -46.231, 42.323, 30.095, 0, 0, 0, 1
23, -46.231, 20.573, 30.095, 0, 0, 0, 1
23, -34.303, 20.573, 30.095, 0, 0, 0, 1
23, -28.674, 30.323, 30.095, 0, 0, 0, 1
23, -13.519, 30.323, 30.095, 0, 0, 0, 1
23, -7.889, 20.573, 30.095, 0, 0, 0, 1
23, 7.266, 20.573, 30.095, 0, 0, 0, 1
23, 12.896, 30.323, 30.095, 0, 0, 0, 1
23, 28.051, 30.323, 30.095, 0, 0, 0, 1
23, 33.681, 20.573, 30.095, 0, 0, 0, 1
23, 45.609, 20.573, 30.095, 0, 0, 0, 1
23, 45.609, 18.323, 30.095, 0, 0, 0, 1
23, 33.681, 18.323, 30.095, 0, 0, 0, 1
23, 28.051, 8.573, 30.095, 0, 0, 0, 1
23, 12.896, 8.573, 30.095, 0, 0, 0, 1
23, 7.266, 18.323, 30.095, 0, 0, 0, 1
23, -7.889, 18.323, 30.095, 0, 0, 0, 1
23, -13.519, 8.573, 30.095, 0, 0, 0, 1
23, -28.674, 8.573, 30.095, 0, 0, 0, 1
23, -34.303, 18.323, 30.095, 0, 0, 0, 1
23, -46.231, 18.323, 30.095, 0, 0, 0, 1
23, -46.231, -3.427, 30.095, 0, 0, 0, 1
23, -34.303, -3.427, 30.095, 0, 0, 0, 1
23, -28.674, 6.323, 30.095, 0, 0, 0, 1
23, -13.519, 6.323, 30.095, 0, 0, 0, 1
23, -7.889, -3.427, 30.095, 0, 0, 0, 1
23, 7.266, -3.427, 30.095, 0, 0, 0, 1
23, 12.896, 6.323, 30.095, 0, 0, 0, 1
23, 28.051, 6.323, 30.095, 0, 0, 0, 1
23, 33.681, -3.427, 30.095, 0, 0, 0, 1
23, 45.609, -3.427, 30.095, 0, 0, 0, 1
23, 45.609, -5.677, 30.095, 0, 0, 0, 1
23, 33.681, -5.677, 30.095, 0, 0, 0, 1
23, 28.051, -15.426, 30.095, 0, 0, 0, 1
23, 12.896, -15.426, 30.095, 0, 0, 0, 1
23, 7.266, -5.677, 30.095, 0, 0, 0, 1
23, -7.889, -5.677, 30.095, 0, 0, 0, 1
23, -13.519, -15.426, 30.095, 0, 0, 0, 1
23, -28.674, -15.426, 30.095, 0, 0, 0, 1
23, -34.303, -5.677, 30.095, 0, 0, 0, 1
23, -46.231, -5.677, 30.095, 0, 0, 0, 1
23, -46.231, -27.426, 30.095, 0, 0, 0, 1
23, -34.303, -27.426, 30.095, 0, 0, 0, 1
23, -28.674, -17.676, 30.095, 0, 0, 0, 1
23, -13.519, -17.676, 30.095, 0, 0, 0, 1
23, -7.889, -27.426, 30.095, 0, 0, 0, 1
23, 7.266, -27.426, 30.095, 0, 0, 0, 1
23, 12.896, -17.676, 30.095, 0, 0, 0, 1
23, 28.051, -17.676, 30.095, 0, 0, 0, 1
23, 33.681, -27.426, 30.095, 0, 0, 0, 1
23, 45.609, -27.426, 30.095, 0, 0, 0, 1
23, 45.609, -29.676, 30.095, 0, 0, 0, 1
23, 33.681, -29.676, 30.095, 0, 0, 0, 1
23, 28.602, -38.472, 30.095, 0, 0, 0, 1
23, 12.345, -38.472, 30.095, 0, 0, 0, 1
23, 7.266, -29.676, 30.095, 0, 0, 0, 1
23, -7.889, -29.676, 30.095, 0, 0, 0, 1
23, -12.968, -38.472, 30.095, 0, 0, 0, 1
23, -29.225, -38.472, 30.095, 0, 0, 0, 1
23, -34.303, -29.676, 30.095, 0, 0, 0, 1
23, -46.231, -29.676, 30.095, 0, 0, 0, 1
