##No.  X  Y  Z  Yaw  Pitch  Roll  Weld_En
98, -0.293, 23.494, 60.085, 0, 0, 0, 0
98, -6.009, 23.979, 60.085, 0, 0, 0, 0
98, -6.508, 23.917, 60.085, 0, 0, 0, 0
98, -12.344, 22.945, 60.085, 0, 0, 0, 0
98, -12.597, 22.847, 60.085, 0, 0, 0, 0
98, -18.195, 20.363, 60.085, 0, 0, 0, 0
98, -18.23, 20.339, 60.085, 0, 0, 0, 0
98, -23.139, 16.449, 60.085, 0, 0, 0, 0
98, -26.912, 11.48, 60.085, 0, 0, 0, 0
98, -29.27, 5.788, 60.085, 0, 0, 0, 0
98, -30.068, -0.337, 60.085, 0, 0, 0, 0
98, -30.06, -0.419, 60.085, 0, 0, 0, 0
98, -29.269, -6.417, 60.085, 0, 0, 0, 0
98, -26.906, -12.115, 60.085, 0, 0, 0, 0
98, -23.137, -17.075, 60.085, 0, 0, 0, 0
98, -18.184, -20.996, 60.085, 0, 0, 0, 0
98, -12.564, -23.482, 60.085, 0, 0, 0, 0
98, -12.309, -23.579, 60.085, 0, 0, 0, 0
98, -6.47, -24.544, 60.085, 0, 0, 0, 0
98, -5.966, -24.604, 60.085, 0, 0, 0, 0
98, -0.295, -24.113, 60.085, 0, 0, 0, 0
98, 0.454, -24.114, 60.085, 0, 0, 0, 0
98, 5.405, -24.549, 60.085, 0, 0, 0, 0
98, 6.16, -24.608, 60.085, 0, 0, 0, 0
98, 6.349, -24.596, 60.085, 0, 0, 0, 0
98, 12.478, -23.575, 60.085, 0, 0, 0, 0
98, 12.73, -23.477, 60.085, 0, 0, 0, 0
98, 18.333, -20.999, 60.085, 0, 0, 0, 0
98, 18.368, -20.974, 60.085, 0, 0, 0, 0
98, 23.284, -17.085, 60.085, 0, 0, 0, 0
98, 27.064, -12.111, 60.085, 0, 0, 0, 0
98, 29.425, -6.423, 60.085, 0, 0, 0, 0
98, 30.225, -0.287, 60.085, 0, 0, 0, 0
98, 30.217, -0.204, 60.085, 0, 0, 0, 0
98, 29.427, 5.793, 60.085, 0, 0, 0, 0
98, 27.069, 11.477, 60.085, 0, 0, 0, 0
98, 23.297, 16.449, 60.085, 0, 0, 0, 0
98, 18.388, 20.339, 60.085, 0, 0, 0, 0
98, 18.353, 20.363, 60.085, 0, 0, 0, 0
98, 12.755, 22.846, 60.085, 0, 0, 0, 0
98, 12.502, 22.944, 60.085, 0, 0, 0, 0
98, 6.667, 23.917, 60.085, 0, 0, 0, 0
98, 6.167, 23.979, 60.085, 0, 0, 0, 0
98, 0.451, 23.494, 60.085, 0, 0, 0, 0
99, -0.281, 23.657, 60.695, 0, 0, 0, 0
99, -3.91, 23.972, 60.695, 0, 0, 0, 0
99, -5.747, 24.117, 60.695, 0, 0, 0, 0
99, -6.52, 24.021, 60.695, 0, 0, 0, 0
99, -12.103, 23.091, 60.695, 0, 0, 0, 0
99, -12.618, 22.891, 60.695, 0, 0, 0, 0
99, -17.973, 20.516, 60.695, 0, 0, 0, 0
99, -18.245, 20.323, 60.695, 0, 0, 0, 0
99, -22.986, 16.568, 60.695, 0, 0, 0, 0
99, -23.039, 16.508, 60.695, 0, 0, 0, 0
99, -26.772, 11.549, 60.695, 0, 0, 0, 0
99, -29.127, 5.807, 60.695, 0, 0, 0, 0
99, -29.691, 1.477, 60.695, 0, 0, 0, 0
99, -29.926, -0.313, 60.695, 0, 0, 0, 0
99, -29.126, -6.434, 60.695, 0, 0, 0, 0
99, -26.767, -12.181, 60.695, 0, 0, 0, 0
99, -23.035, -17.133, 60.695, 0, 0, 0, 0
99, -22.969, -17.208, 60.695, 0, 0, 0, 0
99, -18.054, -21.096, 60.695, 0, 0, 0, 0
99, -17.983, -21.14, 60.695, 0, 0, 0, 0
99, -12.579, -23.531, 60.695, 0, 0, 0, 0
99, -12.06, -23.726, 60.695, 0, 0, 0, 0
99, -6.479, -24.649, 60.695, 0, 0, 0, 0
99, -5.703, -24.741, 60.695, 0, 0, 0, 0
99, -0.28, -24.276, 60.695, 0, 0, 0, 0
99, 0.438, -24.276, 60.695, 0, 0, 0, 0
99, 5.904, -24.744, 60.695, 0, 0, 0, 0
99, 6.232, -24.725, 60.695, 0, 0, 0, 0
99, 11.997, -23.769, 60.695, 0, 0, 0, 0
99, 12.226, -23.725, 60.695, 0, 0, 0, 0
99, 12.754, -23.52, 60.695, 0, 0, 0, 0
99, 18.112, -21.151, 60.695, 0, 0, 0, 0
99, 18.385, -20.958, 60.695, 0, 0, 0, 0
99, 23.131, -17.203, 60.695, 0, 0, 0, 0
99, 23.184, -17.144, 60.695, 0, 0, 0, 0
99, 26.923, -12.181, 60.695, 0, 0, 0, 0
99, 29.283, -6.442, 60.695, 0, 0, 0, 0
99, 30.083, -0.312, 60.695, 0, 0, 0, 0
99, 29.285, 5.81, 60.695, 0, 0, 0, 0
99, 26.93, 11.544, 60.695, 0, 0, 0, 0
99, 23.204, 16.496, 60.695, 0, 0, 0, 0
99, 23.139, 16.57, 60.695, 0, 0, 0, 0
99, 18.403, 20.323, 60.695, 0, 0, 0, 0
99, 18.131, 20.516, 60.695, 0, 0, 0, 0
99, 12.776, 22.891, 60.695, 0, 0, 0, 0
99, 12.261, 23.09, 60.695, 0, 0, 0, 0
99, 6.678, 24.021, 60.695, 0, 0, 0, 0
99, 5.905, 24.117, 60.695, 0, 0, 0, 0
99, 4.068, 23.972, 60.695, 0, 0, 0, 0
99, 0.438, 23.657, 60.695, 0, 0, 0, 0
100, -0.266, 23.82, 61.305, 0, 0, 0, 0
100, -3.087, 24.065, 61.305, 0, 0, 0, 0
100, -5.489, 24.255, 61.305, 0, 0, 0, 0
100, -6.532, 24.126, 61.305, 0, 0, 0, 0
100, -11.861, 23.237, 61.305, 0, 0, 0, 0
100, -12.639, 22.936, 61.305, 0, 0, 0, 0
100, -17.751, 20.668, 61.305, 0, 0, 0, 0
100, -18.261, 20.307, 61.305, 0, 0, 0, 0
100, -22.787, 16.722, 61.305, 0, 0, 0, 0
100, -23.006, 16.476, 61.305, 0, 0, 0, 0
100, -26.589, 11.717, 61.305, 0, 0, 0, 0
100, -26.683, 11.554, 61.305, 0, 0, 0, 0
100, -28.98, 5.964, 61.305, 0, 0, 0, 0
100, -29.019, 5.848, 61.305, 0, 0, 0, 0
100, -29.815, -0.312, 61.305, 0, 0, 0, 0
100, -29.02, -6.471, 61.305, 0, 0, 0, 0
100, -28.986, -6.576, 61.305, 0, 0, 0, 0
100, -26.69, -12.163, 61.305, 0, 0, 0, 0
100, -26.592, -12.338, 61.305, 0, 0, 0, 0
100, -23.014, -17.084, 61.305, 0, 0, 0, 0
100, -22.771, -17.361, 61.305, 0, 0, 0, 0
100, -17.951, -21.175, 61.305, 0, 0, 0, 0
100, -17.752, -21.296, 61.305, 0, 0, 0, 0
100, -12.593, -23.579, 61.305, 0, 0, 0, 0
100, -11.812, -23.874, 61.305, 0, 0, 0, 0
100, -6.489, -24.754, 61.305, 0, 0, 0, 0
100, -5.435, -24.879, 61.305, 0, 0, 0, 0
100, -4.039, -24.77, 61.305, 0, 0, 0, 0
100, -0.268, -24.438, 61.305, 0, 0, 0, 0
100, 0.425, -24.438, 61.305, 0, 0, 0, 0
100, 4.197, -24.77, 61.305, 0, 0, 0, 0
100, 5.636, -24.882, 61.305, 0, 0, 0, 0
100, 6.114, -24.853, 61.305, 0, 0, 0, 0
100, 11.615, -23.941, 61.305, 0, 0, 0, 0
100, 11.989, -23.87, 61.305, 0, 0, 0, 0
100, 12.777, -23.564, 61.305, 0, 0, 0, 0
100, 17.89, -21.303, 61.305, 0, 0, 0, 0
100, 18.401, -20.941, 61.305, 0, 0, 0, 0
100, 22.933, -17.357, 61.305, 0, 0, 0, 0
100, 23.152, -17.111, 61.305, 0, 0, 0, 0
100, 26.74, -12.348, 61.305, 0, 0, 0, 0
100, 26.835, -12.185, 61.305, 0, 0, 0, 0
100, 29.135, -6.598, 61.305, 0, 0, 0, 0
100, 29.174, -6.482, 61.305, 0, 0, 0, 0
100, 29.965, -0.403, 61.305, 0, 0, 0, 0
100, 29.974, -0.325, 61.305, 0, 0, 0, 0
100, 29.178, 5.846, 61.305, 0, 0, 0, 0
100, 29.145, 5.951, 61.305, 0, 0, 0, 0
100, 26.852, 11.526, 61.305, 0, 0, 0, 0
100, 26.754, 11.701, 61.305, 0, 0, 0, 0
100, 23.183, 16.448, 61.305, 0, 0, 0, 0
100, 22.94, 16.724, 61.305, 0, 0, 0, 0
100, 18.419, 20.307, 61.305, 0, 0, 0, 0
100, 17.909, 20.668, 61.305, 0, 0, 0, 0
100, 12.797, 22.935, 61.305, 0, 0, 0, 0
100, 12.019, 23.237, 61.305, 0, 0, 0, 0
100, 6.69, 24.126, 61.305, 0, 0, 0, 0
100, 5.647, 24.255, 61.305, 0, 0, 0, 0
100, 3.244, 24.065, 61.305, 0, 0, 0, 0
100, 0.424, 23.82, 61.305, 0, 0, 0, 0
101, -0.249, 23.984, 61.915, 0, 0, 0, 0
101, -5.233, 24.392, 61.915, 0, 0, 0, 0
101, -6.544, 24.23, 61.915, 0, 0, 0, 0
101, -11.619, 23.384, 61.915, 0, 0, 0, 0
101, -12.66, 22.981, 61.915, 0, 0, 0, 0
101, -17.529, 20.821, 61.915, 0, 0, 0, 0
101, -18.277, 20.291, 61.915, 0, 0, 0, 0
101, -22.588, 16.876, 61.915, 0, 0, 0, 0
101, -22.974, 16.443, 61.915, 0, 0, 0, 0
101, -26.386, 11.91, 61.915, 0, 0, 0, 0
101, -26.605, 11.534, 61.915, 0, 0, 0, 0
101, -28.792, 6.211, 61.915, 0, 0, 0, 0
101, -28.917, 5.841, 61.915, 0, 0, 0, 0
101, -29.707, -0.311, 61.915, 0, 0, 0, 0
101, -28.963, -6.019, 61.915, 0, 0, 0, 0
101, -28.916, -6.465, 61.915, 0, 0, 0, 0
101, -28.81, -6.797, 61.915, 0, 0, 0, 0
101, -26.623, -12.117, 61.915, 0, 0, 0, 0
101, -26.401, -12.515, 61.915, 0, 0, 0, 0
101, -22.993, -17.036, 61.915, 0, 0, 0, 0
101, -22.572, -17.515, 61.915, 0, 0, 0, 0
101, -17.849, -21.254, 61.915, 0, 0, 0, 0
101, -17.521, -21.453, 61.915, 0, 0, 0, 0
101, -12.608, -23.627, 61.915, 0, 0, 0, 0
101, -11.563, -24.022, 61.915, 0, 0, 0, 0
101, -6.498, -24.86, 61.915, 0, 0, 0, 0
101, -5.173, -25.016, 61.915, 0, 0, 0, 0
101, -3.435, -24.881, 61.915, 0, 0, 0, 0
101, -0.254, -24.601, 61.915, 0, 0, 0, 0
101, 0.411, -24.601, 61.915, 0, 0, 0, 0
101, 3.593, -24.881, 61.915, 0, 0, 0, 0
101, 5.374, -25.019, 61.915, 0, 0, 0, 0
101, 5.996, -24.982, 61.915, 0, 0, 0, 0
101, 11.234, -24.113, 61.915, 0, 0, 0, 0
101, 11.751, -24.015, 61.915, 0, 0, 0, 0
101, 12.8, -23.607, 61.915, 0, 0, 0, 0
101, 17.668, -21.455, 61.915, 0, 0, 0, 0
101, 18.417, -20.925, 61.915, 0, 0, 0, 0
101, 22.734, -17.51, 61.915, 0, 0, 0, 0
101, 23.121, -17.077, 61.915, 0, 0, 0, 0
101, 26.538, -12.541, 61.915, 0, 0, 0, 0
101, 26.757, -12.165, 61.915, 0, 0, 0, 0
101, 28.948, -6.844, 61.915, 0, 0, 0, 0
101, 29.072, -6.475, 61.915, 0, 0, 0, 0
101, 29.825, -0.688, 61.915, 0, 0, 0, 0
101, 29.865, -0.326, 61.915, 0, 0, 0, 0
101, 29.121, 5.395, 61.915, 0, 0, 0, 0
101, 29.074, 5.84, 61.915, 0, 0, 0, 0
101, 28.969, 6.172, 61.915, 0, 0, 0, 0
101, 26.785, 11.481, 61.915, 0, 0, 0, 0
101, 26.563, 11.879, 61.915, 0, 0, 0, 0
101, 23.161, 16.4, 61.915, 0, 0, 0, 0
101, 22.741, 16.878, 61.915, 0, 0, 0, 0
101, 18.434, 20.291, 61.915, 0, 0, 0, 0
101, 17.687, 20.821, 61.915, 0, 0, 0, 0
101, 12.817, 22.98, 61.915, 0, 0, 0, 0
101, 11.777, 23.383, 61.915, 0, 0, 0, 0
101, 6.702, 24.23, 61.915, 0, 0, 0, 0
101, 5.391, 24.392, 61.915, 0, 0, 0, 0
101, 0.406, 23.984, 61.915, 0, 0, 0, 0
102, -0.234, 24.147, 62.525, 0, 0, 0, 0
102, -4.974, 24.53, 62.525, 0, 0, 0, 0
102, -6.556, 24.334, 62.525, 0, 0, 0, 0
102, -11.378, 23.53, 62.525, 0, 0, 0, 0
102, -12.681, 23.025, 62.525, 0, 0, 0, 0
102, -17.307, 20.973, 62.525, 0, 0, 0, 0
102, -18.292, 20.275, 62.525, 0, 0, 0, 0
102, -22.389, 17.03, 62.525, 0, 0, 0, 0
102, -22.942, 16.41, 62.525, 0, 0, 0, 0
102, -26.184, 12.104, 62.525, 0, 0, 0, 0
102, -26.528, 11.514, 62.525, 0, 0, 0, 0
102, -28.605, 6.458, 62.525, 0, 0, 0, 0
102, -28.815, 5.834, 62.525, 0, 0, 0, 0
102, -29.529, 0.347, 62.525, 0, 0, 0, 0
102, -29.6, -0.298, 62.525, 0, 0, 0, 0
102, -28.892, -5.73, 62.525, 0, 0, 0, 0
102, -28.818, -6.441, 62.525, 0, 0, 0, 0
102, -28.634, -7.018, 62.525, 0, 0, 0, 0
102, -26.556, -12.072, 62.525, 0, 0, 0, 0
102, -26.21, -12.693, 62.525, 0, 0, 0, 0
102, -22.972, -16.987, 62.525, 0, 0, 0, 0
102, -22.374, -17.668, 62.525, 0, 0, 0, 0
102, -17.746, -21.333, 62.525, 0, 0, 0, 0
102, -17.291, -21.61, 62.525, 0, 0, 0, 0
102, -12.623, -23.675, 62.525, 0, 0, 0, 0
102, -11.314, -24.17, 62.525, 0, 0, 0, 0
102, -6.507, -24.965, 62.525, 0, 0, 0, 0
102, -4.911, -25.153, 62.525, 0, 0, 0, 0
102, -2.831, -24.991, 62.525, 0, 0, 0, 0
102, -0.24, -24.763, 62.525, 0, 0, 0, 0
102, 0.397, -24.763, 62.525, 0, 0, 0, 0
102, 2.989, -24.991, 62.525, 0, 0, 0, 0
102, 5.111, -25.156, 62.525, 0, 0, 0, 0
102, 5.878, -25.11, 62.525, 0, 0, 0, 0
102, 10.853, -24.285, 62.525, 0, 0, 0, 0
102, 11.514, -24.16, 62.525, 0, 0, 0, 0
102, 12.824, -23.651, 62.525, 0, 0, 0, 0
102, 17.446, -21.607, 62.525, 0, 0, 0, 0
102, 18.434, -20.909, 62.525, 0, 0, 0, 0
102, 22.536, -17.664, 62.525, 0, 0, 0, 0
102, 23.089, -17.044, 62.525, 0, 0, 0, 0
102, 26.336, -12.734, 62.525, 0, 0, 0, 0
102, 26.68, -12.144, 62.525, 0, 0, 0, 0
102, 28.76, -7.09, 62.525, 0, 0, 0, 0
102, 28.97, -6.467, 62.525, 0, 0, 0, 0
102, 29.686, -0.972, 62.525, 0, 0, 0, 0
102, 29.757, -0.326, 62.525, 0, 0, 0, 0
102, 29.05, 5.106, 62.525, 0, 0, 0, 0
102, 28.976, 5.817, 62.525, 0, 0, 0, 0
102, 28.792, 6.393, 62.525, 0, 0, 0, 0
102, 26.719, 11.436, 62.525, 0, 0, 0, 0
102, 26.372, 12.057, 62.525, 0, 0, 0, 0
102, 23.14, 16.352, 62.525, 0, 0, 0, 0
102, 22.542, 17.032, 62.525, 0, 0, 0, 0
102, 18.45, 20.275, 62.525, 0, 0, 0, 0
102, 17.464, 20.973, 62.525, 0, 0, 0, 0
102, 12.838, 23.025, 62.525, 0, 0, 0, 0
102, 11.535, 23.53, 62.525, 0, 0, 0, 0
102, 6.714, 24.334, 62.525, 0, 0, 0, 0
102, 5.132, 24.53, 62.525, 0, 0, 0, 0
102, 0.391, 24.147, 62.525, 0, 0, 0, 0
103, -0.219, 24.31, 63.135, 0, 0, 0, 0
103, -4.715, 24.667, 63.135, 0, 0, 0, 0
103, -6.568, 24.438, 63.135, 0, 0, 0, 0
103, -11.136, 23.677, 63.135, 0, 0, 0, 0
103, -12.702, 23.07, 63.135, 0, 0, 0, 0
103, -17.085, 21.126, 63.135, 0, 0, 0, 0
103, -18.308, 20.26, 63.135, 0, 0, 0, 0
103, -22.19, 17.184, 63.135, 0, 0, 0, 0
103, -22.91, 16.378, 63.135, 0, 0, 0, 0
103, -25.981, 12.297, 63.135, 0, 0, 0, 0
103, -26.45, 11.494, 63.135, 0, 0, 0, 0
103, -28.417, 6.704, 63.135, 0, 0, 0, 0
103, -28.713, 5.827, 63.135, 0, 0, 0, 0
103, -29.389, 0.632, 63.135, 0, 0, 0, 0
103, -29.492, -0.298, 63.135, 0, 0, 0, 0
103, -28.821, -5.442, 63.135, 0, 0, 0, 0
103, -28.719, -6.418, 63.135, 0, 0, 0, 0
103, -28.458, -7.24, 63.135, 0, 0, 0, 0
103, -26.49, -12.027, 63.135, 0, 0, 0, 0
103, -26.018, -12.87, 63.135, 0, 0, 0, 0
103, -22.951, -16.939, 63.135, 0, 0, 0, 0
103, -22.175, -17.822, 63.135, 0, 0, 0, 0
103, -17.643, -21.412, 63.135, 0, 0, 0, 0
103, -17.06, -21.767, 63.135, 0, 0, 0, 0
103, -12.638, -23.723, 63.135, 0, 0, 0, 0
103, -11.066, -24.318, 63.135, 0, 0, 0, 0
103, -6.516, -25.07, 63.135, 0, 0, 0, 0
103, -4.649, -25.29, 63.135, 0, 0, 0, 0
103, -2.228, -25.102, 63.135, 0, 0, 0, 0
103, -0.225, -24.926, 63.135, 0, 0, 0, 0
103, 0.383, -24.926, 63.135, 0, 0, 0, 0
103, 2.386, -25.102, 63.135, 0, 0, 0, 0
103, 4.849, -25.293, 63.135, 0, 0, 0, 0
103, 5.76, -25.239, 63.135, 0, 0, 0, 0
103, 10.471, -24.457, 63.135, 0, 0, 0, 0
103, 11.276, -24.305, 63.135, 0, 0, 0, 0
103, 12.847, -23.695, 63.135, 0, 0, 0, 0
103, 17.225, -21.759, 63.135, 0, 0, 0, 0
103, 18.45, -20.892, 63.135, 0, 0, 0, 0
103, 22.338, -17.817, 63.135, 0, 0, 0, 0
103, 23.057, -17.011, 63.135, 0, 0, 0, 0
103, 26.134, -12.927, 63.135, 0, 0, 0, 0
103, 26.602, -12.124, 63.135, 0, 0, 0, 0
103, 28.573, -7.336, 63.135, 0, 0, 0, 0
103, 28.868, -6.46, 63.135, 0, 0, 0, 0
103, 29.546, -1.256, 63.135, 0, 0, 0, 0
103, 29.649, -0.326, 63.135, 0, 0, 0, 0
103, 28.979, 4.818, 63.135, 0, 0, 0, 0
103, 28.877, 5.793, 63.135, 0, 0, 0, 0
103, 28.616, 6.615, 63.135, 0, 0, 0, 0
103, 26.652, 11.391, 63.135, 0, 0, 0, 0
103, 26.18, 12.235, 63.135, 0, 0, 0, 0
103, 23.119, 16.304, 63.135, 0, 0, 0, 0
103, 22.343, 17.186, 63.135, 0, 0, 0, 0
103, 18.465, 20.26, 63.135, 0, 0, 0, 0
103, 17.242, 21.125, 63.135, 0, 0, 0, 0
103, 12.859, 23.069, 63.135, 0, 0, 0, 0
103, 11.293, 23.676, 63.135, 0, 0, 0, 0
103, 6.726, 24.438, 63.135, 0, 0, 0, 0
103, 4.873, 24.668, 63.135, 0, 0, 0, 0
103, 0.376, 24.31, 63.135, 0, 0, 0, 0
104, -0.204, 24.47, 63.745, 0, 0, 0, 0
104, -4.457, 24.805, 63.745, 0, 0, 0, 0
104, -6.58, 24.542, 63.745, 0, 0, 0, 0
104, -10.894, 23.823, 63.745, 0, 0, 0, 0
104, -12.722, 23.115, 63.745, 0, 0, 0, 0
104, -16.862, 21.278, 63.745, 0, 0, 0, 0
104, -18.323, 20.244, 63.745, 0, 0, 0, 0
104, -21.991, 17.338, 63.745, 0, 0, 0, 0
104, -22.877, 16.345, 63.745, 0, 0, 0, 0
104, -25.779, 12.49, 63.745, 0, 0, 0, 0
104, -26.372, 11.474, 63.745, 0, 0, 0, 0
104, -28.23, 6.951, 63.745, 0, 0, 0, 0
104, -28.611, 5.82, 63.745, 0, 0, 0, 0
104, -29.249, 0.916, 63.745, 0, 0, 0, 0
104, -29.383, -0.298, 63.745, 0, 0, 0, 0
104, -28.75, -5.154, 63.745, 0, 0, 0, 0
104, -28.621, -6.395, 63.745, 0, 0, 0, 0
104, -28.282, -7.461, 63.745, 0, 0, 0, 0
104, -26.423, -11.981, 63.745, 0, 0, 0, 0
104, -25.827, -13.047, 63.745, 0, 0, 0, 0
104, -22.93, -16.89, 63.745, 0, 0, 0, 0
104, -21.977, -17.975, 63.745, 0, 0, 0, 0
104, -17.54, -21.491, 63.745, 0, 0, 0, 0
104, -16.829, -21.924, 63.745, 0, 0, 0, 0
104, -12.653, -23.771, 63.745, 0, 0, 0, 0
104, -10.817, -24.465, 63.745, 0, 0, 0, 0
104, -6.526, -25.175, 63.745, 0, 0, 0, 0
104, -4.39, -25.427, 63.745, 0, 0, 0, 0
104, -0.206, -25.088, 63.745, 0, 0, 0, 0
104, 0.363, -25.088, 63.745, 0, 0, 0, 0
104, 4.59, -25.43, 63.745, 0, 0, 0, 0
104, 5.642, -25.367, 63.745, 0, 0, 0, 0
104, 10.09, -24.63, 63.745, 0, 0, 0, 0
104, 11.039, -24.45, 63.745, 0, 0, 0, 0
104, 12.871, -23.738, 63.745, 0, 0, 0, 0
104, 17.003, -21.911, 63.745, 0, 0, 0, 0
104, 18.466, -20.876, 63.745, 0, 0, 0, 0
104, 22.139, -17.971, 63.745, 0, 0, 0, 0
104, 23.025, -16.978, 63.745, 0, 0, 0, 0
104, 25.932, -13.12, 63.745, 0, 0, 0, 0
104, 26.524, -12.103, 63.745, 0, 0, 0, 0
104, 28.386, -7.583, 63.745, 0, 0, 0, 0
104, 28.766, -6.453, 63.745, 0, 0, 0, 0
104, 29.406, -1.54, 63.745, 0, 0, 0, 0
104, 29.54, -0.326, 63.745, 0, 0, 0, 0
104, 28.908, 4.529, 63.745, 0, 0, 0, 0
104, 28.779, 5.77, 63.745, 0, 0, 0, 0
104, 28.44, 6.836, 63.745, 0, 0, 0, 0
104, 26.585, 11.347, 63.745, 0, 0, 0, 0
104, 25.989, 12.413, 63.745, 0, 0, 0, 0
104, 23.097, 16.256, 63.745, 0, 0, 0, 0
104, 22.145, 17.34, 63.745, 0, 0, 0, 0
104, 18.481, 20.244, 63.745, 0, 0, 0, 0
104, 17.02, 21.278, 63.745, 0, 0, 0, 0
104, 12.88, 23.114, 63.745, 0, 0, 0, 0
104, 11.052, 23.823, 63.745, 0, 0, 0, 0
104, 6.737, 24.542, 63.745, 0, 0, 0, 0
104, 4.614, 24.805, 63.745, 0, 0, 0, 0
104, 0.361, 24.47, 63.745, 0, 0, 0, 0
105, -0.191, 24.629, 64.355, 0, 0, 0, 0
105, -4.199, 24.943, 64.355, 0, 0, 0, 0
105, -6.592, 24.646, 64.355, 0, 0, 0, 0
105, -10.653, 23.969, 64.355, 0, 0, 0, 0
105, -12.743, 23.159, 64.355, 0, 0, 0, 0
105, -16.64, 21.43, 64.355, 0, 0, 0, 0
105, -18.339, 20.228, 64.355, 0, 0, 0, 0
105, -21.793, 17.492, 64.355, 0, 0, 0, 0
105, -22.845, 16.312, 64.355, 0, 0, 0, 0
105, -25.577, 12.684, 64.355, 0, 0, 0, 0
105, -26.294, 11.454, 64.355, 0, 0, 0, 0
105, -28.042, 7.198, 64.355, 0, 0, 0, 0
105, -28.509, 5.814, 64.355, 0, 0, 0, 0
105, -29.109, 1.2, 64.355, 0, 0, 0, 0
105, -29.275, -0.298, 64.355, 0, 0, 0, 0
105, -28.679, -4.865, 64.355, 0, 0, 0, 0
105, -28.522, -6.371, 64.355, 0, 0, 0, 0
105, -28.105, -7.682, 64.355, 0, 0, 0, 0
105, -26.357, -11.936, 64.355, 0, 0, 0, 0
105, -25.636, -13.225, 64.355, 0, 0, 0, 0
105, -22.91, -16.842, 64.355, 0, 0, 0, 0
105, -21.779, -18.129, 64.355, 0, 0, 0, 0
105, -17.438, -21.57, 64.355, 0, 0, 0, 0
105, -16.598, -22.08, 64.355, 0, 0, 0, 0
105, -12.667, -23.82, 64.355, 0, 0, 0, 0
105, -10.568, -24.613, 64.355, 0, 0, 0, 0
105, -6.535, -25.28, 64.355, 0, 0, 0, 0
105, -4.127, -25.564, 64.355, 0, 0, 0, 0
105, -0.191, -25.25, 64.355, 0, 0, 0, 0
105, 0.348, -25.25, 64.355, 0, 0, 0, 0
105, 4.326, -25.567, 64.355, 0, 0, 0, 0
105, 5.525, -25.496, 64.355, 0, 0, 0, 0
105, 9.709, -24.802, 64.355, 0, 0, 0, 0
105, 10.801, -24.595, 64.355, 0, 0, 0, 0
105, 12.894, -23.782, 64.355, 0, 0, 0, 0
105, 16.781, -22.063, 64.355, 0, 0, 0, 0
105, 18.483, -20.86, 64.355, 0, 0, 0, 0
105, 21.941, -18.124, 64.355, 0, 0, 0, 0
105, 22.994, -16.944, 64.355, 0, 0, 0, 0
105, 25.729, -13.313, 64.355, 0, 0, 0, 0
105, 26.447, -12.083, 64.355, 0, 0, 0, 0
105, 28.198, -7.829, 64.355, 0, 0, 0, 0
105, 28.664, -6.446, 64.355, 0, 0, 0, 0
105, 29.266, -1.824, 64.355, 0, 0, 0, 0
105, 29.432, -0.326, 64.355, 0, 0, 0, 0
105, 28.837, 4.241, 64.355, 0, 0, 0, 0
105, 28.68, 5.747, 64.355, 0, 0, 0, 0
105, 28.264, 7.057, 64.355, 0, 0, 0, 0
105, 26.518, 11.302, 64.355, 0, 0, 0, 0
105, 25.798, 12.591, 64.355, 0, 0, 0, 0
105, 23.076, 16.208, 64.355, 0, 0, 0, 0
105, 21.946, 17.494, 64.355, 0, 0, 0, 0
105, 18.496, 20.228, 64.355, 0, 0, 0, 0
105, 16.798, 21.43, 64.355, 0, 0, 0, 0
105, 12.901, 23.159, 64.355, 0, 0, 0, 0
105, 10.81, 23.969, 64.355, 0, 0, 0, 0
105, 6.749, 24.646, 64.355, 0, 0, 0, 0
105, 4.356, 24.943, 64.355, 0, 0, 0, 0
105, 0.348, 24.629, 64.355, 0, 0, 0, 0
106, -0.177, 24.787, 64.965, 0, 0, 0, 0
106, -3.941, 25.08, 64.965, 0, 0, 0, 0
106, -6.604, 24.75, 64.965, 0, 0, 0, 0
106, -10.411, 24.116, 64.965, 0, 0, 0, 0
106, -12.764, 23.204, 64.965, 0, 0, 0, 0
106, -16.418, 21.583, 64.965, 0, 0, 0, 0
106, -18.354, 20.212, 64.965, 0, 0, 0, 0
106, -21.594, 17.646, 64.965, 0, 0, 0, 0
106, -22.813, 16.28, 64.965, 0, 0, 0, 0
106, -25.374, 12.877, 64.965, 0, 0, 0, 0
106, -26.216, 11.434, 64.965, 0, 0, 0, 0
106, -27.854, 7.444, 64.965, 0, 0, 0, 0
106, -28.407, 5.807, 64.965, 0, 0, 0, 0
106, -28.969, 1.484, 64.965, 0, 0, 0, 0
106, -29.167, -0.298, 64.965, 0, 0, 0, 0
106, -28.608, -4.577, 64.965, 0, 0, 0, 0
106, -28.424, -6.348, 64.965, 0, 0, 0, 0
106, -27.929, -7.903, 64.965, 0, 0, 0, 0
106, -26.29, -11.89, 64.965, 0, 0, 0, 0
106, -25.445, -13.402, 64.965, 0, 0, 0, 0
106, -22.889, -16.793, 64.965, 0, 0, 0, 0
106, -21.58, -18.282, 64.965, 0, 0, 0, 0
106, -17.335, -21.649, 64.965, 0, 0, 0, 0
106, -16.368, -22.237, 64.965, 0, 0, 0, 0
106, -12.682, -23.868, 64.965, 0, 0, 0, 0
106, -10.319, -24.761, 64.965, 0, 0, 0, 0
106, -6.544, -25.385, 64.965, 0, 0, 0, 0
106, -3.864, -25.701, 64.965, 0, 0, 0, 0
106, -0.176, -25.413, 64.965, 0, 0, 0, 0
106, 0.333, -25.413, 64.965, 0, 0, 0, 0
106, 4.063, -25.705, 64.965, 0, 0, 0, 0
106, 5.407, -25.624, 64.965, 0, 0, 0, 0
106, 9.327, -24.974, 64.965, 0, 0, 0, 0
106, 10.564, -24.74, 64.965, 0, 0, 0, 0
106, 12.918, -23.825, 64.965, 0, 0, 0, 0
106, 16.56, -22.215, 64.965, 0, 0, 0, 0
106, 18.499, -20.843, 64.965, 0, 0, 0, 0
106, 21.743, -18.278, 64.965, 0, 0, 0, 0
106, 22.962, -16.911, 64.965, 0, 0, 0, 0
106, 25.527, -13.506, 64.965, 0, 0, 0, 0
106, 26.369, -12.062, 64.965, 0, 0, 0, 0
106, 28.011, -8.075, 64.965, 0, 0, 0, 0
106, 28.562, -6.438, 64.965, 0, 0, 0, 0
106, 29.126, -2.108, 64.965, 0, 0, 0, 0
106, 29.323, -0.326, 64.965, 0, 0, 0, 0
106, 28.766, 3.953, 64.965, 0, 0, 0, 0
106, 28.582, 5.723, 64.965, 0, 0, 0, 0
106, 28.087, 7.278, 64.965, 0, 0, 0, 0
106, 26.451, 11.257, 64.965, 0, 0, 0, 0
106, 25.606, 12.769, 64.965, 0, 0, 0, 0
106, 23.054, 16.161, 64.965, 0, 0, 0, 0
106, 21.747, 17.649, 64.965, 0, 0, 0, 0
106, 18.512, 20.212, 64.965, 0, 0, 0, 0
106, 16.576, 21.583, 64.965, 0, 0, 0, 0
106, 12.922, 23.203, 64.965, 0, 0, 0, 0
106, 10.568, 24.115, 64.965, 0, 0, 0, 0
106, 6.761, 24.751, 64.965, 0, 0, 0, 0
106, 4.098, 25.08, 64.965, 0, 0, 0, 0
106, 0.334, 24.787, 64.965, 0, 0, 0, 0
107, -0.164, 24.945, 65.575, 0, 0, 0, 0
107, -3.682, 25.218, 65.575, 0, 0, 0, 0
107, -6.616, 24.855, 65.575, 0, 0, 0, 0
107, -10.169, 24.262, 65.575, 0, 0, 0, 0
107, -12.785, 23.249, 65.575, 0, 0, 0, 0
107, -16.196, 21.735, 65.575, 0, 0, 0, 0
107, -18.37, 20.196, 65.575, 0, 0, 0, 0
107, -21.395, 17.8, 65.575, 0, 0, 0, 0
107, -22.78, 16.247, 65.575, 0, 0, 0, 0
107, -25.172, 13.07, 65.575, 0, 0, 0, 0
107, -26.138, 11.414, 65.575, 0, 0, 0, 0
107, -27.667, 7.691, 65.575, 0, 0, 0, 0
107, -28.305, 5.8, 65.575, 0, 0, 0, 0
107, -28.829, 1.768, 65.575, 0, 0, 0, 0
107, -29.058, -0.298, 65.575, 0, 0, 0, 0
107, -28.538, -4.288, 65.575, 0, 0, 0, 0
107, -28.325, -6.325, 65.575, 0, 0, 0, 0
107, -27.753, -8.125, 65.575, 0, 0, 0, 0
107, -26.223, -11.845, 65.575, 0, 0, 0, 0
107, -25.254, -13.579, 65.575, 0, 0, 0, 0
107, -22.868, -16.745, 65.575, 0, 0, 0, 0
107, -21.382, -18.436, 65.575, 0, 0, 0, 0
107, -17.232, -21.727, 65.575, 0, 0, 0, 0
107, -16.137, -22.394, 65.575, 0, 0, 0, 0
107, -12.697, -23.916, 65.575, 0, 0, 0, 0
107, -10.071, -24.909, 65.575, 0, 0, 0, 0
107, -6.553, -25.49, 65.575, 0, 0, 0, 0
107, -3.601, -25.838, 65.575, 0, 0, 0, 0
107, -0.163, -25.571, 65.575, 0, 0, 0, 0
107, 0.319, -25.571, 65.575, 0, 0, 0, 0
107, 3.801, -25.842, 65.575, 0, 0, 0, 0
107, 5.289, -25.753, 65.575, 0, 0, 0, 0
107, 8.946, -25.146, 65.575, 0, 0, 0, 0
107, 10.326, -24.885, 65.575, 0, 0, 0, 0
107, 12.941, -23.869, 65.575, 0, 0, 0, 0
107, 16.338, -22.367, 65.575, 0, 0, 0, 0
107, 18.516, -20.827, 65.575, 0, 0, 0, 0
107, 21.545, -18.431, 65.575, 0, 0, 0, 0
107, 22.93, -16.878, 65.575, 0, 0, 0, 0
107, 25.325, -13.699, 65.575, 0, 0, 0, 0
107, 26.291, -12.042, 65.575, 0, 0, 0, 0
107, 27.823, -8.321, 65.575, 0, 0, 0, 0
107, 28.46, -6.431, 65.575, 0, 0, 0, 0
107, 28.986, -2.392, 65.575, 0, 0, 0, 0
107, 29.215, -0.326, 65.575, 0, 0, 0, 0
107, 28.695, 3.664, 65.575, 0, 0, 0, 0
107, 28.483, 5.7, 65.575, 0, 0, 0, 0
107, 27.911, 7.5, 65.575, 0, 0, 0, 0
107, 26.384, 11.212, 65.575, 0, 0, 0, 0
107, 25.415, 12.947, 65.575, 0, 0, 0, 0
107, 23.033, 16.113, 65.575, 0, 0, 0, 0
107, 21.548, 17.803, 65.575, 0, 0, 0, 0
107, 18.527, 20.196, 65.575, 0, 0, 0, 0
107, 16.354, 21.735, 65.575, 0, 0, 0, 0
107, 12.942, 23.248, 65.575, 0, 0, 0, 0
107, 10.326, 24.262, 65.575, 0, 0, 0, 0
107, 6.773, 24.855, 65.575, 0, 0, 0, 0
107, 3.839, 25.218, 65.575, 0, 0, 0, 0
107, 0.321, 24.945, 65.575, 0, 0, 0, 0
108, -0.15, 25.103, 66.185, 0, 0, 0, 0
108, -3.424, 25.356, 66.185, 0, 0, 0, 0
108, -6.628, 24.959, 66.185, 0, 0, 0, 0
108, -9.928, 24.409, 66.185, 0, 0, 0, 0
108, -12.806, 23.293, 66.185, 0, 0, 0, 0
108, -15.974, 21.888, 66.185, 0, 0, 0, 0
108, -18.385, 20.18, 66.185, 0, 0, 0, 0
108, -21.196, 17.954, 66.185, 0, 0, 0, 0
108, -22.748, 16.214, 66.185, 0, 0, 0, 0
108, -24.969, 13.264, 66.185, 0, 0, 0, 0
108, -26.06, 11.394, 66.185, 0, 0, 0, 0
108, -27.479, 7.938, 66.185, 0, 0, 0, 0
108, -28.203, 5.794, 66.185, 0, 0, 0, 0
108, -28.689, 2.052, 66.185, 0, 0, 0, 0
108, -28.95, -0.298, 66.185, 0, 0, 0, 0
108, -28.467, -4.0, 66.185, 0, 0, 0, 0
108, -28.227, -6.301, 66.185, 0, 0, 0, 0
108, -27.577, -8.346, 66.185, 0, 0, 0, 0
108, -26.157, -11.8, 66.185, 0, 0, 0, 0
108, -25.063, -13.757, 66.185, 0, 0, 0, 0
108, -22.847, -16.697, 66.185, 0, 0, 0, 0
108, -21.183, -18.59, 66.185, 0, 0, 0, 0
108, -17.129, -21.806, 66.185, 0, 0, 0, 0
108, -15.906, -22.551, 66.185, 0, 0, 0, 0
108, -12.712, -23.964, 66.185, 0, 0, 0, 0
108, -9.822, -25.057, 66.185, 0, 0, 0, 0
108, -6.562, -25.596, 66.185, 0, 0, 0, 0
108, -3.339, -25.976, 66.185, 0, 0, 0, 0
108, -0.15, -25.728, 66.185, 0, 0, 0, 0
108, 0.307, -25.728, 66.185, 0, 0, 0, 0
108, 3.539, -25.979, 66.185, 0, 0, 0, 0
108, 5.171, -25.881, 66.185, 0, 0, 0, 0
108, 8.565, -25.318, 66.185, 0, 0, 0, 0
108, 10.088, -25.031, 66.185, 0, 0, 0, 0
108, 12.965, -23.912, 66.185, 0, 0, 0, 0
108, 16.116, -22.519, 66.185, 0, 0, 0, 0
108, 18.532, -20.811, 66.185, 0, 0, 0, 0
108, 21.346, -18.585, 66.185, 0, 0, 0, 0
108, 22.898, -16.845, 66.185, 0, 0, 0, 0
108, 25.123, -13.891, 66.185, 0, 0, 0, 0
108, 26.214, -12.021, 66.185, 0, 0, 0, 0
108, 27.636, -8.567, 66.185, 0, 0, 0, 0
108, 28.358, -6.424, 66.185, 0, 0, 0, 0
108, 28.846, -2.676, 66.185, 0, 0, 0, 0
108, 29.107, -0.326, 66.185, 0, 0, 0, 0
108, 28.625, 3.376, 66.185, 0, 0, 0, 0
108, 28.385, 5.677, 66.185, 0, 0, 0, 0
108, 27.735, 7.721, 66.185, 0, 0, 0, 0
108, 26.317, 11.167, 66.185, 0, 0, 0, 0
108, 25.224, 13.125, 66.185, 0, 0, 0, 0
108, 23.011, 16.065, 66.185, 0, 0, 0, 0
108, 21.349, 17.957, 66.185, 0, 0, 0, 0
108, 18.543, 20.18, 66.185, 0, 0, 0, 0
108, 16.131, 21.888, 66.185, 0, 0, 0, 0
108, 12.963, 23.293, 66.185, 0, 0, 0, 0
108, 10.085, 24.408, 66.185, 0, 0, 0, 0
108, 6.785, 24.959, 66.185, 0, 0, 0, 0
108, 3.581, 25.356, 66.185, 0, 0, 0, 0
108, 0.307, 25.103, 66.185, 0, 0, 0, 0
109, -0.137, 25.261, 66.795, 0, 0, 0, 0
109, -3.166, 25.493, 66.795, 0, 0, 0, 0
109, -6.639, 25.063, 66.795, 0, 0, 0, 0
109, -9.686, 24.555, 66.795, 0, 0, 0, 0
109, -12.827, 23.338, 66.795, 0, 0, 0, 0
109, -15.752, 22.04, 66.795, 0, 0, 0, 0
109, -18.401, 20.165, 66.795, 0, 0, 0, 0
109, -20.997, 18.108, 66.795, 0, 0, 0, 0
109, -22.716, 16.182, 66.795, 0, 0, 0, 0
109, -24.767, 13.457, 66.795, 0, 0, 0, 0
109, -25.982, 11.374, 66.795, 0, 0, 0, 0
109, -27.292, 8.184, 66.795, 0, 0, 0, 0
109, -28.1, 5.787, 66.795, 0, 0, 0, 0
109, -28.549, 2.336, 66.795, 0, 0, 0, 0
109, -28.841, -0.298, 66.795, 0, 0, 0, 0
109, -28.396, -3.712, 66.795, 0, 0, 0, 0
109, -28.128, -6.278, 66.795, 0, 0, 0, 0
109, -27.4, -8.567, 66.795, 0, 0, 0, 0
109, -26.09, -11.754, 66.795, 0, 0, 0, 0
109, -24.872, -13.934, 66.795, 0, 0, 0, 0
109, -22.826, -16.648, 66.795, 0, 0, 0, 0
109, -20.985, -18.743, 66.795, 0, 0, 0, 0
109, -17.027, -21.885, 66.795, 0, 0, 0, 0
109, -15.676, -22.708, 66.795, 0, 0, 0, 0
109, -12.727, -24.012, 66.795, 0, 0, 0, 0
109, -9.573, -25.204, 66.795, 0, 0, 0, 0
109, -6.572, -25.701, 66.795, 0, 0, 0, 0
109, -3.077, -26.113, 66.795, 0, 0, 0, 0
109, -0.137, -25.884, 66.795, 0, 0, 0, 0
109, 0.294, -25.884, 66.795, 0, 0, 0, 0
109, 3.277, -26.116, 66.795, 0, 0, 0, 0
109, 5.053, -26.01, 66.795, 0, 0, 0, 0
109, 8.183, -25.491, 66.795, 0, 0, 0, 0
109, 9.851, -25.176, 66.795, 0, 0, 0, 0
109, 12.988, -23.956, 66.795, 0, 0, 0, 0
109, 15.895, -22.671, 66.795, 0, 0, 0, 0
109, 18.548, -20.794, 66.795, 0, 0, 0, 0
109, 21.148, -18.738, 66.795, 0, 0, 0, 0
109, 22.867, -16.812, 66.795, 0, 0, 0, 0
109, 24.921, -14.084, 66.795, 0, 0, 0, 0
109, 26.136, -12.001, 66.795, 0, 0, 0, 0
109, 27.448, -8.813, 66.795, 0, 0, 0, 0
109, 28.256, -6.417, 66.795, 0, 0, 0, 0
109, 28.706, -2.96, 66.795, 0, 0, 0, 0
109, 28.998, -0.326, 66.795, 0, 0, 0, 0
109, 28.554, 3.088, 66.795, 0, 0, 0, 0
109, 28.286, 5.653, 66.795, 0, 0, 0, 0
109, 27.558, 7.942, 66.795, 0, 0, 0, 0
109, 26.251, 11.122, 66.795, 0, 0, 0, 0
109, 25.032, 13.302, 66.795, 0, 0, 0, 0
109, 22.99, 16.017, 66.795, 0, 0, 0, 0
109, 21.15, 18.111, 66.795, 0, 0, 0, 0
109, 18.558, 20.164, 66.795, 0, 0, 0, 0
109, 15.909, 22.04, 66.795, 0, 0, 0, 0
109, 12.984, 23.338, 66.795, 0, 0, 0, 0
109, 9.843, 24.555, 66.795, 0, 0, 0, 0
109, 6.796, 25.063, 66.795, 0, 0, 0, 0
109, 3.322, 25.493, 66.795, 0, 0, 0, 0
109, 0.293, 25.261, 66.795, 0, 0, 0, 0
110, -0.123, 25.419, 67.405, 0, 0, 0, 0
110, -2.907, 25.631, 67.405, 0, 0, 0, 0
110, -6.651, 25.167, 67.405, 0, 0, 0, 0
110, -9.444, 24.701, 67.405, 0, 0, 0, 0
110, -12.848, 23.383, 67.405, 0, 0, 0, 0
110, -15.53, 22.193, 67.405, 0, 0, 0, 0
110, -18.416, 20.149, 67.405, 0, 0, 0, 0
110, -20.798, 18.262, 67.405, 0, 0, 0, 0
110, -22.683, 16.149, 67.405, 0, 0, 0, 0
110, -24.564, 13.65, 67.405, 0, 0, 0, 0
110, -25.904, 11.354, 67.405, 0, 0, 0, 0
110, -27.104, 8.431, 67.405, 0, 0, 0, 0
110, -27.998, 5.78, 67.405, 0, 0, 0, 0
110, -28.409, 2.62, 67.405, 0, 0, 0, 0
110, -28.733, -0.298, 67.405, 0, 0, 0, 0
110, -28.325, -3.423, 67.405, 0, 0, 0, 0
110, -28.03, -6.255, 67.405, 0, 0, 0, 0
110, -27.224, -8.788, 67.405, 0, 0, 0, 0
110, -26.023, -11.709, 67.405, 0, 0, 0, 0
110, -24.681, -14.111, 67.405, 0, 0, 0, 0
110, -22.805, -16.6, 67.405, 0, 0, 0, 0
110, -20.787, -18.897, 67.405, 0, 0, 0, 0
110, -16.924, -21.964, 67.405, 0, 0, 0, 0
110, -15.445, -22.864, 67.405, 0, 0, 0, 0
110, -12.741, -24.06, 67.405, 0, 0, 0, 0
110, -9.325, -25.352, 67.405, 0, 0, 0, 0
110, -6.581, -25.806, 67.405, 0, 0, 0, 0
110, -2.815, -26.25, 67.405, 0, 0, 0, 0
110, -0.125, -26.041, 67.405, 0, 0, 0, 0
110, 0.281, -26.041, 67.405, 0, 0, 0, 0
110, 3.014, -26.253, 67.405, 0, 0, 0, 0
110, 4.935, -26.138, 67.405, 0, 0, 0, 0
110, 7.802, -25.663, 67.405, 0, 0, 0, 0
110, 9.613, -25.321, 67.405, 0, 0, 0, 0
110, 13.012, -24.0, 67.405, 0, 0, 0, 0
110, 15.673, -22.823, 67.405, 0, 0, 0, 0
110, 18.565, -20.778, 67.405, 0, 0, 0, 0
110, 20.95, -18.891, 67.405, 0, 0, 0, 0
110, 22.835, -16.778, 67.405, 0, 0, 0, 0
110, 24.719, -14.277, 67.405, 0, 0, 0, 0
110, 26.058, -11.981, 67.405, 0, 0, 0, 0
110, 27.261, -9.059, 67.405, 0, 0, 0, 0
110, 28.154, -6.409, 67.405, 0, 0, 0, 0
110, 28.566, -3.244, 67.405, 0, 0, 0, 0
110, 28.89, -0.326, 67.405, 0, 0, 0, 0
110, 28.483, 2.799, 67.405, 0, 0, 0, 0
110, 28.188, 5.63, 67.405, 0, 0, 0, 0
110, 27.382, 8.163, 67.405, 0, 0, 0, 0
110, 26.184, 11.077, 67.405, 0, 0, 0, 0
110, 24.841, 13.48, 67.405, 0, 0, 0, 0
110, 22.969, 15.969, 67.405, 0, 0, 0, 0
110, 20.951, 18.265, 67.405, 0, 0, 0, 0
110, 18.574, 20.148, 67.405, 0, 0, 0, 0
110, 15.687, 22.193, 67.405, 0, 0, 0, 0
110, 13.005, 23.382, 67.405, 0, 0, 0, 0
110, 9.601, 24.701, 67.405, 0, 0, 0, 0
110, 6.808, 25.167, 67.405, 0, 0, 0, 0
110, 3.064, 25.631, 67.405, 0, 0, 0, 0
110, 0.279, 25.419, 67.405, 0, 0, 0, 0
111, -0.109, 25.578, 68.015, 0, 0, 0, 0
111, -2.649, 25.769, 68.015, 0, 0, 0, 0
111, -6.663, 25.271, 68.015, 0, 0, 0, 0
111, -9.203, 24.848, 68.015, 0, 0, 0, 0
111, -12.869, 23.427, 68.015, 0, 0, 0, 0
111, -15.307, 22.345, 68.015, 0, 0, 0, 0
111, -18.432, 20.133, 68.015, 0, 0, 0, 0
111, -20.599, 18.416, 68.015, 0, 0, 0, 0
111, -22.651, 16.116, 68.015, 0, 0, 0, 0
111, -24.362, 13.844, 68.015, 0, 0, 0, 0
111, -25.826, 11.334, 68.015, 0, 0, 0, 0
111, -26.917, 8.678, 68.015, 0, 0, 0, 0
111, -27.896, 5.773, 68.015, 0, 0, 0, 0
111, -28.27, 2.904, 68.015, 0, 0, 0, 0
111, -28.624, -0.298, 68.015, 0, 0, 0, 0
111, -28.254, -3.135, 68.015, 0, 0, 0, 0
111, -27.932, -6.231, 68.015, 0, 0, 0, 0
111, -27.048, -9.01, 68.015, 0, 0, 0, 0
111, -25.957, -11.663, 68.015, 0, 0, 0, 0
111, -24.49, -14.289, 68.015, 0, 0, 0, 0
111, -22.784, -16.551, 68.015, 0, 0, 0, 0
111, -20.588, -19.05, 68.015, 0, 0, 0, 0
111, -16.821, -22.043, 68.015, 0, 0, 0, 0
111, -15.214, -23.021, 68.015, 0, 0, 0, 0
111, -12.756, -24.109, 68.015, 0, 0, 0, 0
111, -9.076, -25.5, 68.015, 0, 0, 0, 0
111, -6.59, -25.911, 68.015, 0, 0, 0, 0
111, -2.553, -26.387, 68.015, 0, 0, 0, 0
111, -0.112, -26.197, 68.015, 0, 0, 0, 0
111, 0.269, -26.197, 68.015, 0, 0, 0, 0
111, 2.752, -26.39, 68.015, 0, 0, 0, 0
111, 4.818, -26.267, 68.015, 0, 0, 0, 0
111, 7.421, -25.835, 68.015, 0, 0, 0, 0
111, 9.376, -25.466, 68.015, 0, 0, 0, 0
111, 13.035, -24.043, 68.015, 0, 0, 0, 0
111, 15.451, -22.975, 68.015, 0, 0, 0, 0
111, 18.581, -20.762, 68.015, 0, 0, 0, 0
111, 20.751, -19.045, 68.015, 0, 0, 0, 0
111, 22.803, -16.745, 68.015, 0, 0, 0, 0
111, 24.517, -14.47, 68.015, 0, 0, 0, 0
111, 25.981, -11.96, 68.015, 0, 0, 0, 0
111, 27.074, -9.305, 68.015, 0, 0, 0, 0
111, 28.052, -6.402, 68.015, 0, 0, 0, 0
111, 28.426, -3.528, 68.015, 0, 0, 0, 0
111, 28.781, -0.326, 68.015, 0, 0, 0, 0
111, 28.412, 2.511, 68.015, 0, 0, 0, 0
111, 28.089, 5.607, 68.015, 0, 0, 0, 0
111, 27.206, 8.384, 68.015, 0, 0, 0, 0
111, 26.117, 11.033, 68.015, 0, 0, 0, 0
111, 24.65, 13.658, 68.015, 0, 0, 0, 0
111, 22.947, 15.921, 68.015, 0, 0, 0, 0
111, 20.753, 18.419, 68.015, 0, 0, 0, 0
111, 18.59, 20.133, 68.015, 0, 0, 0, 0
111, 15.465, 22.345, 68.015, 0, 0, 0, 0
111, 13.026, 23.427, 68.015, 0, 0, 0, 0
111, 9.359, 24.848, 68.015, 0, 0, 0, 0
111, 6.82, 25.271, 68.015, 0, 0, 0, 0
111, 2.805, 25.769, 68.015, 0, 0, 0, 0
111, 0.266, 25.578, 68.015, 0, 0, 0, 0
112, -0.092, 25.736, 68.625, 0, 0, 0, 0
112, -2.39, 25.906, 68.625, 0, 0, 0, 0
112, -6.675, 25.375, 68.625, 0, 0, 0, 0
112, -8.961, 24.994, 68.625, 0, 0, 0, 0
112, -12.889, 23.472, 68.625, 0, 0, 0, 0
112, -15.085, 22.498, 68.625, 0, 0, 0, 0
112, -18.448, 20.117, 68.625, 0, 0, 0, 0
112, -20.4, 18.57, 68.625, 0, 0, 0, 0
112, -22.619, 16.084, 68.625, 0, 0, 0, 0
112, -24.16, 14.037, 68.625, 0, 0, 0, 0
112, -25.748, 11.314, 68.625, 0, 0, 0, 0
112, -26.729, 8.924, 68.625, 0, 0, 0, 0
112, -27.794, 5.767, 68.625, 0, 0, 0, 0
112, -28.13, 3.188, 68.625, 0, 0, 0, 0
112, -28.516, -0.298, 68.625, 0, 0, 0, 0
112, -28.184, -2.847, 68.625, 0, 0, 0, 0
112, -27.833, -6.208, 68.625, 0, 0, 0, 0
112, -26.872, -9.231, 68.625, 0, 0, 0, 0
112, -25.89, -11.618, 68.625, 0, 0, 0, 0
112, -24.299, -14.466, 68.625, 0, 0, 0, 0
112, -22.763, -16.503, 68.625, 0, 0, 0, 0
112, -20.39, -19.204, 68.625, 0, 0, 0, 0
112, -16.718, -22.122, 68.625, 0, 0, 0, 0
112, -14.983, -23.178, 68.625, 0, 0, 0, 0
112, -12.771, -24.157, 68.625, 0, 0, 0, 0
112, -8.827, -25.648, 68.625, 0, 0, 0, 0
112, -6.599, -26.016, 68.625, 0, 0, 0, 0
112, -2.291, -26.524, 68.625, 0, 0, 0, 0
112, -0.1, -26.354, 68.625, 0, 0, 0, 0
112, 0.256, -26.354, 68.625, 0, 0, 0, 0
112, 2.49, -26.527, 68.625, 0, 0, 0, 0
112, 4.7, -26.395, 68.625, 0, 0, 0, 0
112, 7.039, -26.007, 68.625, 0, 0, 0, 0
112, 9.138, -25.611, 68.625, 0, 0, 0, 0
112, 13.058, -24.087, 68.625, 0, 0, 0, 0
112, 15.23, -23.127, 68.625, 0, 0, 0, 0
112, 18.598, -20.745, 68.625, 0, 0, 0, 0
112, 20.553, -19.198, 68.625, 0, 0, 0, 0
112, 22.771, -16.712, 68.625, 0, 0, 0, 0
112, 24.315, -14.663, 68.625, 0, 0, 0, 0
112, 25.903, -11.94, 68.625, 0, 0, 0, 0
112, 26.886, -9.552, 68.625, 0, 0, 0, 0
112, 27.95, -6.395, 68.625, 0, 0, 0, 0
112, 28.287, -3.812, 68.625, 0, 0, 0, 0
112, 28.673, -0.326, 68.625, 0, 0, 0, 0
112, 28.341, 2.223, 68.625, 0, 0, 0, 0
112, 27.991, 5.583, 68.625, 0, 0, 0, 0
112, 27.03, 8.605, 68.625, 0, 0, 0, 0
112, 26.05, 10.988, 68.625, 0, 0, 0, 0
112, 24.458, 13.836, 68.625, 0, 0, 0, 0
112, 22.926, 15.873, 68.625, 0, 0, 0, 0
112, 20.554, 18.573, 68.625, 0, 0, 0, 0
112, 18.605, 20.117, 68.625, 0, 0, 0, 0
112, 15.243, 22.498, 68.625, 0, 0, 0, 0
112, 13.047, 23.472, 68.625, 0, 0, 0, 0
112, 9.117, 24.994, 68.625, 0, 0, 0, 0
112, 6.832, 25.375, 68.625, 0, 0, 0, 0
112, 2.546, 25.906, 68.625, 0, 0, 0, 0
112, 0.252, 25.736, 68.625, 0, 0, 0, 0
113, -0.083, 25.892, 69.235, 0, 0, 0, 0
113, -2.132, 26.044, 69.235, 0, 0, 0, 0
113, -6.687, 25.479, 69.235, 0, 0, 0, 0
113, -8.719, 25.141, 69.235, 0, 0, 0, 0
113, -12.91, 23.517, 69.235, 0, 0, 0, 0
113, -14.863, 22.65, 69.235, 0, 0, 0, 0
113, -18.463, 20.101, 69.235, 0, 0, 0, 0
113, -20.201, 18.724, 69.235, 0, 0, 0, 0
113, -22.586, 16.051, 69.235, 0, 0, 0, 0
113, -23.957, 14.23, 69.235, 0, 0, 0, 0
113, -25.67, 11.294, 69.235, 0, 0, 0, 0
113, -26.542, 9.171, 69.235, 0, 0, 0, 0
113, -27.692, 5.76, 69.235, 0, 0, 0, 0
113, -27.99, 3.472, 69.235, 0, 0, 0, 0
113, -28.408, -0.298, 69.235, 0, 0, 0, 0
113, -28.113, -2.558, 69.235, 0, 0, 0, 0
113, -27.735, -6.185, 69.235, 0, 0, 0, 0
113, -26.696, -9.452, 69.235, 0, 0, 0, 0
113, -25.824, -11.573, 69.235, 0, 0, 0, 0
113, -24.108, -14.643, 69.235, 0, 0, 0, 0
113, -22.742, -16.454, 69.235, 0, 0, 0, 0
113, -20.191, -19.357, 69.235, 0, 0, 0, 0
113, -16.615, -22.201, 69.235, 0, 0, 0, 0
113, -14.753, -23.335, 69.235, 0, 0, 0, 0
113, -12.786, -24.205, 69.235, 0, 0, 0, 0
113, -8.578, -25.796, 69.235, 0, 0, 0, 0
113, -6.608, -26.121, 69.235, 0, 0, 0, 0
113, -2.029, -26.661, 69.235, 0, 0, 0, 0
113, -0.087, -26.51, 69.235, 0, 0, 0, 0
113, 0.244, -26.51, 69.235, 0, 0, 0, 0
113, 2.228, -26.664, 69.235, 0, 0, 0, 0
113, 4.582, -26.524, 69.235, 0, 0, 0, 0
113, 6.658, -26.179, 69.235, 0, 0, 0, 0
113, 8.901, -25.756, 69.235, 0, 0, 0, 0
113, 13.082, -24.13, 69.235, 0, 0, 0, 0
113, 15.008, -23.279, 69.235, 0, 0, 0, 0
113, 18.614, -20.729, 69.235, 0, 0, 0, 0
113, 20.355, -19.352, 69.235, 0, 0, 0, 0
113, 22.74, -16.679, 69.235, 0, 0, 0, 0
113, 24.113, -14.856, 69.235, 0, 0, 0, 0
113, 25.825, -11.919, 69.235, 0, 0, 0, 0
113, 26.699, -9.798, 69.235, 0, 0, 0, 0
113, 27.848, -6.388, 69.235, 0, 0, 0, 0
113, 28.147, -4.096, 69.235, 0, 0, 0, 0
113, 28.564, -0.326, 69.235, 0, 0, 0, 0
113, 28.27, 1.934, 69.235, 0, 0, 0, 0
113, 27.892, 5.56, 69.235, 0, 0, 0, 0
113, 26.853, 8.827, 69.235, 0, 0, 0, 0
113, 25.983, 10.943, 69.235, 0, 0, 0, 0
113, 24.267, 14.014, 69.235, 0, 0, 0, 0
113, 22.904, 15.825, 69.235, 0, 0, 0, 0
113, 20.355, 18.727, 69.235, 0, 0, 0, 0
113, 18.621, 20.101, 69.235, 0, 0, 0, 0
113, 15.02, 22.65, 69.235, 0, 0, 0, 0
113, 13.068, 23.516, 69.235, 0, 0, 0, 0
113, 8.876, 25.141, 69.235, 0, 0, 0, 0
113, 6.844, 25.48, 69.235, 0, 0, 0, 0
113, 2.288, 26.044, 69.235, 0, 0, 0, 0
113, 0.239, 25.892, 69.235, 0, 0, 0, 0
114, -0.07, 26.047, 69.845, 0, 0, 0, 0
114, -1.874, 26.181, 69.845, 0, 0, 0, 0
114, -6.699, 25.584, 69.845, 0, 0, 0, 0
114, -8.478, 25.287, 69.845, 0, 0, 0, 0
114, -12.931, 23.561, 69.845, 0, 0, 0, 0
114, -14.641, 22.803, 69.845, 0, 0, 0, 0
114, -18.478, 20.085, 69.845, 0, 0, 0, 0
114, -20.003, 18.878, 69.845, 0, 0, 0, 0
114, -22.554, 16.018, 69.845, 0, 0, 0, 0
114, -23.755, 14.424, 69.845, 0, 0, 0, 0
114, -25.592, 11.274, 69.845, 0, 0, 0, 0
114, -26.354, 9.418, 69.845, 0, 0, 0, 0
114, -27.59, 5.753, 69.845, 0, 0, 0, 0
114, -27.85, 3.756, 69.845, 0, 0, 0, 0
114, -28.299, -0.298, 69.845, 0, 0, 0, 0
114, -28.042, -2.27, 69.845, 0, 0, 0, 0
114, -27.636, -6.162, 69.845, 0, 0, 0, 0
114, -26.519, -9.673, 69.845, 0, 0, 0, 0
114, -25.757, -11.527, 69.845, 0, 0, 0, 0
114, -23.916, -14.821, 69.845, 0, 0, 0, 0
114, -22.722, -16.406, 69.845, 0, 0, 0, 0
114, -19.993, -19.511, 69.845, 0, 0, 0, 0
114, -16.512, -22.28, 69.845, 0, 0, 0, 0
114, -14.522, -23.491, 69.845, 0, 0, 0, 0
114, -12.801, -24.253, 69.845, 0, 0, 0, 0
114, -8.33, -25.943, 69.845, 0, 0, 0, 0
114, -6.618, -26.226, 69.845, 0, 0, 0, 0
114, -1.767, -26.798, 69.845, 0, 0, 0, 0
114, -0.074, -26.667, 69.845, 0, 0, 0, 0
114, 0.231, -26.667, 69.845, 0, 0, 0, 0
114, 1.966, -26.802, 69.845, 0, 0, 0, 0
114, 4.464, -26.652, 69.845, 0, 0, 0, 0
114, 6.277, -26.352, 69.845, 0, 0, 0, 0
114, 8.663, -25.901, 69.845, 0, 0, 0, 0
114, 13.105, -24.174, 69.845, 0, 0, 0, 0
114, 14.786, -23.431, 69.845, 0, 0, 0, 0
114, 18.63, -20.712, 69.845, 0, 0, 0, 0
114, 20.156, -19.505, 69.845, 0, 0, 0, 0
114, 22.708, -16.645, 69.845, 0, 0, 0, 0
114, 23.91, -15.049, 69.845, 0, 0, 0, 0
114, 25.748, -11.899, 69.845, 0, 0, 0, 0
114, 26.511, -10.044, 69.845, 0, 0, 0, 0
114, 27.746, -6.381, 69.845, 0, 0, 0, 0
114, 28.007, -4.38, 69.845, 0, 0, 0, 0
114, 28.456, -0.326, 69.845, 0, 0, 0, 0
114, 28.199, 1.646, 69.845, 0, 0, 0, 0
114, 27.794, 5.537, 69.845, 0, 0, 0, 0
114, 26.677, 9.048, 69.845, 0, 0, 0, 0
114, 25.916, 10.898, 69.845, 0, 0, 0, 0
114, 24.076, 14.192, 69.845, 0, 0, 0, 0
114, 22.883, 15.777, 69.845, 0, 0, 0, 0
114, 20.156, 18.881, 69.845, 0, 0, 0, 0
114, 18.636, 20.085, 69.845, 0, 0, 0, 0
114, 14.798, 22.803, 69.845, 0, 0, 0, 0
114, 13.088, 23.561, 69.845, 0, 0, 0, 0
114, 8.634, 25.287, 69.845, 0, 0, 0, 0
114, 6.856, 25.584, 69.845, 0, 0, 0, 0
114, 2.03, 26.181, 69.845, 0, 0, 0, 0
114, 0.227, 26.047, 69.845, 0, 0, 0, 0
115, -0.058, 26.203, 70.455, 0, 0, 0, 0
115, -1.617, 26.319, 70.455, 0, 0, 0, 0
115, -6.711, 25.688, 70.455, 0, 0, 0, 0
115, -8.236, 25.434, 70.455, 0, 0, 0, 0
115, -12.952, 23.606, 70.455, 0, 0, 0, 0
115, -14.419, 22.955, 70.455, 0, 0, 0, 0
115, -18.494, 20.07, 70.455, 0, 0, 0, 0
115, -19.804, 19.032, 70.455, 0, 0, 0, 0
115, -22.522, 15.986, 70.455, 0, 0, 0, 0
115, -23.552, 14.617, 70.455, 0, 0, 0, 0
115, -25.514, 11.254, 70.455, 0, 0, 0, 0
115, -26.167, 9.664, 70.455, 0, 0, 0, 0
115, -27.488, 5.747, 70.455, 0, 0, 0, 0
115, -27.71, 4.04, 70.455, 0, 0, 0, 0
115, -28.191, -0.298, 70.455, 0, 0, 0, 0
115, -27.971, -1.982, 70.455, 0, 0, 0, 0
115, -27.538, -6.138, 70.455, 0, 0, 0, 0
115, -26.343, -9.894, 70.455, 0, 0, 0, 0
115, -25.69, -11.482, 70.455, 0, 0, 0, 0
115, -23.725, -14.998, 70.455, 0, 0, 0, 0
115, -22.701, -16.357, 70.455, 0, 0, 0, 0
115, -19.794, -19.665, 70.455, 0, 0, 0, 0
115, -16.41, -22.359, 70.455, 0, 0, 0, 0
115, -14.291, -23.648, 70.455, 0, 0, 0, 0
115, -12.815, -24.301, 70.455, 0, 0, 0, 0
115, -8.081, -26.091, 70.455, 0, 0, 0, 0
115, -6.627, -26.332, 70.455, 0, 0, 0, 0
115, -1.505, -26.935, 70.455, 0, 0, 0, 0
115, -0.062, -26.823, 70.455, 0, 0, 0, 0
115, 0.218, -26.823, 70.455, 0, 0, 0, 0
115, 1.704, -26.939, 70.455, 0, 0, 0, 0
115, 4.346, -26.781, 70.455, 0, 0, 0, 0
115, 5.895, -26.524, 70.455, 0, 0, 0, 0
115, 8.426, -26.046, 70.455, 0, 0, 0, 0
115, 13.129, -24.217, 70.455, 0, 0, 0, 0
115, 14.565, -23.583, 70.455, 0, 0, 0, 0
115, 18.647, -20.696, 70.455, 0, 0, 0, 0
115, 19.958, -19.659, 70.455, 0, 0, 0, 0
115, 22.676, -16.612, 70.455, 0, 0, 0, 0
115, 23.708, -15.242, 70.455, 0, 0, 0, 0
115, 25.67, -11.878, 70.455, 0, 0, 0, 0
115, 26.324, -10.29, 70.455, 0, 0, 0, 0
115, 27.644, -6.373, 70.455, 0, 0, 0, 0
115, 27.867, -4.664, 70.455, 0, 0, 0, 0
115, 28.348, -0.326, 70.455, 0, 0, 0, 0
115, 28.128, 1.358, 70.455, 0, 0, 0, 0
115, 27.695, 5.513, 70.455, 0, 0, 0, 0
115, 26.501, 9.269, 70.455, 0, 0, 0, 0
115, 25.849, 10.853, 70.455, 0, 0, 0, 0
115, 23.884, 14.37, 70.455, 0, 0, 0, 0
115, 22.861, 15.729, 70.455, 0, 0, 0, 0
115, 19.957, 19.035, 70.455, 0, 0, 0, 0
115, 18.652, 20.069, 70.455, 0, 0, 0, 0
115, 14.576, 22.955, 70.455, 0, 0, 0, 0
115, 13.109, 23.606, 70.455, 0, 0, 0, 0
115, 8.392, 25.434, 70.455, 0, 0, 0, 0
115, 6.867, 25.688, 70.455, 0, 0, 0, 0
115, 1.772, 26.319, 70.455, 0, 0, 0, 0
115, 0.214, 26.203, 70.455, 0, 0, 0, 0
116, -1.354, 26.457, 71.065, 0, 0, 0, 0
116, -6.723, 25.792, 71.065, 0, 0, 0, 0
116, -7.994, 25.58, 71.065, 0, 0, 0, 0
116, -12.973, 23.651, 71.065, 0, 0, 0, 0
116, -14.197, 23.108, 71.065, 0, 0, 0, 0
116, -18.51, 20.054, 71.065, 0, 0, 0, 0
116, -19.605, 19.186, 71.065, 0, 0, 0, 0
116, -22.49, 15.953, 71.065, 0, 0, 0, 0
116, -23.35, 14.81, 71.065, 0, 0, 0, 0
116, -25.436, 11.234, 71.065, 0, 0, 0, 0
116, -25.979, 9.911, 71.065, 0, 0, 0, 0
116, -27.386, 5.74, 71.065, 0, 0, 0, 0
116, -27.57, 4.324, 71.065, 0, 0, 0, 0
116, -28.082, -0.298, 71.065, 0, 0, 0, 0
116, -27.9, -1.693, 71.065, 0, 0, 0, 0
116, -27.439, -6.115, 71.065, 0, 0, 0, 0
116, -26.167, -10.116, 71.065, 0, 0, 0, 0
116, -25.624, -11.436, 71.065, 0, 0, 0, 0
116, -23.534, -15.175, 71.065, 0, 0, 0, 0
116, -22.68, -16.309, 71.065, 0, 0, 0, 0
116, -19.596, -19.818, 71.065, 0, 0, 0, 0
116, -16.307, -22.438, 71.065, 0, 0, 0, 0
116, -14.061, -23.805, 71.065, 0, 0, 0, 0
116, -12.83, -24.349, 71.065, 0, 0, 0, 0
116, -7.832, -26.239, 71.065, 0, 0, 0, 0
116, -6.636, -26.437, 71.065, 0, 0, 0, 0
116, -1.243, -27.073, 71.065, 0, 0, 0, 0
116, 0.001, -26.976, 71.065, 0, 0, 0, 0
116, 1.436, -27.076, 71.065, 0, 0, 0, 0
116, 4.229, -26.909, 71.065, 0, 0, 0, 0
116, 5.514, -26.696, 71.065, 0, 0, 0, 0
116, 8.188, -26.191, 71.065, 0, 0, 0, 0
116, 13.152, -24.261, 71.065, 0, 0, 0, 0
116, 14.343, -23.735, 71.065, 0, 0, 0, 0
116, 18.663, -20.68, 71.065, 0, 0, 0, 0
116, 19.76, -19.812, 71.065, 0, 0, 0, 0
116, 22.644, -16.579, 71.065, 0, 0, 0, 0
116, 23.506, -15.435, 71.065, 0, 0, 0, 0
116, 25.592, -11.858, 71.065, 0, 0, 0, 0
116, 26.136, -10.536, 71.065, 0, 0, 0, 0
116, 27.542, -6.366, 71.065, 0, 0, 0, 0
116, 27.727, -4.948, 71.065, 0, 0, 0, 0
116, 28.239, -0.326, 71.065, 0, 0, 0, 0
116, 28.058, 1.069, 71.065, 0, 0, 0, 0
116, 27.597, 5.49, 71.065, 0, 0, 0, 0
116, 26.325, 9.49, 71.065, 0, 0, 0, 0
116, 25.783, 10.808, 71.065, 0, 0, 0, 0
116, 23.693, 14.548, 71.065, 0, 0, 0, 0
116, 22.84, 15.681, 71.065, 0, 0, 0, 0
116, 19.758, 19.189, 71.065, 0, 0, 0, 0
116, 18.667, 20.053, 71.065, 0, 0, 0, 0
116, 14.354, 23.108, 71.065, 0, 0, 0, 0
116, 13.13, 23.65, 71.065, 0, 0, 0, 0
116, 8.15, 25.58, 71.065, 0, 0, 0, 0
116, 6.879, 25.792, 71.065, 0, 0, 0, 0
116, 1.514, 26.457, 71.065, 0, 0, 0, 0
116, 0.153, 26.355, 71.065, 0, 0, 0, 0
117, -1.096, 26.595, 71.675, 0, 0, 0, 0
117, -6.735, 25.896, 71.675, 0, 0, 0, 0
117, -7.753, 25.726, 71.675, 0, 0, 0, 0
117, -12.994, 23.695, 71.675, 0, 0, 0, 0
117, -13.975, 23.26, 71.675, 0, 0, 0, 0
117, -18.525, 20.038, 71.675, 0, 0, 0, 0
117, -19.406, 19.34, 71.675, 0, 0, 0, 0
117, -22.457, 15.921, 71.675, 0, 0, 0, 0
117, -23.148, 15.004, 71.675, 0, 0, 0, 0
117, -25.358, 11.214, 71.675, 0, 0, 0, 0
117, -25.792, 10.158, 71.675, 0, 0, 0, 0
117, -27.284, 5.733, 71.675, 0, 0, 0, 0
117, -27.43, 4.609, 71.675, 0, 0, 0, 0
117, -27.974, -0.298, 71.675, 0, 0, 0, 0
117, -27.83, -1.405, 71.675, 0, 0, 0, 0
117, -27.341, -6.092, 71.675, 0, 0, 0, 0
117, -25.991, -10.337, 71.675, 0, 0, 0, 0
117, -25.557, -11.391, 71.675, 0, 0, 0, 0
117, -23.343, -15.353, 71.675, 0, 0, 0, 0
117, -22.659, -16.26, 71.675, 0, 0, 0, 0
117, -19.398, -19.972, 71.675, 0, 0, 0, 0
117, -16.204, -22.517, 71.675, 0, 0, 0, 0
117, -13.83, -23.962, 71.675, 0, 0, 0, 0
117, -12.845, -24.398, 71.675, 0, 0, 0, 0
117, -7.584, -26.387, 71.675, 0, 0, 0, 0
117, -6.645, -26.542, 71.675, 0, 0, 0, 0
117, -0.981, -27.21, 71.675, 0, 0, 0, 0
117, 0.014, -27.132, 71.675, 0, 0, 0, 0
117, 1.174, -27.213, 71.675, 0, 0, 0, 0
117, 4.111, -27.038, 71.675, 0, 0, 0, 0
117, 5.133, -26.868, 71.675, 0, 0, 0, 0
117, 7.951, -26.336, 71.675, 0, 0, 0, 0
117, 13.176, -24.305, 71.675, 0, 0, 0, 0
117, 14.121, -23.886, 71.675, 0, 0, 0, 0
117, 18.679, -20.663, 71.675, 0, 0, 0, 0
117, 19.561, -19.966, 71.675, 0, 0, 0, 0
117, 22.613, -16.546, 71.675, 0, 0, 0, 0
117, 23.304, -15.628, 71.675, 0, 0, 0, 0
117, 25.515, -11.837, 71.675, 0, 0, 0, 0
117, 25.949, -10.782, 71.675, 0, 0, 0, 0
117, 27.44, -6.359, 71.675, 0, 0, 0, 0
117, 27.587, -5.232, 71.675, 0, 0, 0, 0
117, 28.131, -0.326, 71.675, 0, 0, 0, 0
117, 27.987, 0.781, 71.675, 0, 0, 0, 0
117, 27.498, 5.467, 71.675, 0, 0, 0, 0
117, 26.148, 9.712, 71.675, 0, 0, 0, 0
117, 25.716, 10.763, 71.675, 0, 0, 0, 0
117, 23.502, 14.725, 71.675, 0, 0, 0, 0
117, 22.819, 15.633, 71.675, 0, 0, 0, 0
117, 19.559, 19.343, 71.675, 0, 0, 0, 0
117, 18.683, 20.037, 71.675, 0, 0, 0, 0
117, 14.132, 23.26, 71.675, 0, 0, 0, 0
117, 13.151, 23.695, 71.675, 0, 0, 0, 0
117, 7.909, 25.726, 71.675, 0, 0, 0, 0
117, 6.891, 25.896, 71.675, 0, 0, 0, 0
117, 1.256, 26.594, 71.675, 0, 0, 0, 0
117, 0.141, 26.511, 71.675, 0, 0, 0, 0
118, -0.838, 26.732, 72.285, 0, 0, 0, 0
118, -6.747, 26.0, 72.285, 0, 0, 0, 0
118, -7.511, 25.873, 72.285, 0, 0, 0, 0
118, -13.015, 23.74, 72.285, 0, 0, 0, 0
118, -13.753, 23.413, 72.285, 0, 0, 0, 0
118, -18.541, 20.022, 72.285, 0, 0, 0, 0
118, -19.207, 19.494, 72.285, 0, 0, 0, 0
118, -22.425, 15.888, 72.285, 0, 0, 0, 0
118, -22.945, 15.197, 72.285, 0, 0, 0, 0
118, -25.28, 11.194, 72.285, 0, 0, 0, 0
118, -25.604, 10.405, 72.285, 0, 0, 0, 0
118, -27.182, 5.727, 72.285, 0, 0, 0, 0
118, -27.29, 4.893, 72.285, 0, 0, 0, 0
118, -27.866, -0.298, 72.285, 0, 0, 0, 0
118, -27.759, -1.116, 72.285, 0, 0, 0, 0
118, -27.242, -6.068, 72.285, 0, 0, 0, 0
118, -25.814, -10.558, 72.285, 0, 0, 0, 0
118, -25.491, -11.346, 72.285, 0, 0, 0, 0
118, -23.152, -15.53, 72.285, 0, 0, 0, 0
118, -22.638, -16.212, 72.285, 0, 0, 0, 0
118, -19.199, -20.126, 72.285, 0, 0, 0, 0
118, -16.101, -22.596, 72.285, 0, 0, 0, 0
118, -13.599, -24.119, 72.285, 0, 0, 0, 0
118, -12.86, -24.446, 72.285, 0, 0, 0, 0
118, -7.335, -26.535, 72.285, 0, 0, 0, 0
118, -6.655, -26.647, 72.285, 0, 0, 0, 0
118, -0.719, -27.347, 72.285, 0, 0, 0, 0
118, 0.026, -27.289, 72.285, 0, 0, 0, 0
118, 0.912, -27.35, 72.285, 0, 0, 0, 0
118, 3.993, -27.166, 72.285, 0, 0, 0, 0
118, 4.751, -27.04, 72.285, 0, 0, 0, 0
118, 7.713, -26.481, 72.285, 0, 0, 0, 0
118, 13.199, -24.348, 72.285, 0, 0, 0, 0
118, 13.899, -24.038, 72.285, 0, 0, 0, 0
118, 18.696, -20.647, 72.285, 0, 0, 0, 0
118, 19.363, -20.119, 72.285, 0, 0, 0, 0
118, 22.581, -16.512, 72.285, 0, 0, 0, 0
118, 23.102, -15.821, 72.285, 0, 0, 0, 0
118, 25.437, -11.817, 72.285, 0, 0, 0, 0
118, 25.762, -11.028, 72.285, 0, 0, 0, 0
118, 27.338, -6.352, 72.285, 0, 0, 0, 0
118, 27.447, -5.516, 72.285, 0, 0, 0, 0
118, 28.022, -0.326, 72.285, 0, 0, 0, 0
118, 27.916, 0.493, 72.285, 0, 0, 0, 0
118, 27.4, 5.443, 72.285, 0, 0, 0, 0
118, 25.972, 9.933, 72.285, 0, 0, 0, 0
118, 25.649, 10.718, 72.285, 0, 0, 0, 0
118, 23.31, 14.903, 72.285, 0, 0, 0, 0
118, 22.797, 15.585, 72.285, 0, 0, 0, 0
118, 19.361, 19.497, 72.285, 0, 0, 0, 0
118, 18.698, 20.021, 72.285, 0, 0, 0, 0
118, 13.909, 23.413, 72.285, 0, 0, 0, 0
118, 13.172, 23.74, 72.285, 0, 0, 0, 0
118, 7.667, 25.873, 72.285, 0, 0, 0, 0
118, 6.903, 26.0, 72.285, 0, 0, 0, 0
118, 0.998, 26.732, 72.285, 0, 0, 0, 0
118, 0.128, 26.667, 72.285, 0, 0, 0, 0
119, -0.58, 26.87, 72.895, 0, 0, 0, 0
119, -6.759, 26.104, 72.895, 0, 0, 0, 0
119, -7.269, 26.019, 72.895, 0, 0, 0, 0
119, -13.036, 23.785, 72.895, 0, 0, 0, 0
119, -13.53, 23.565, 72.895, 0, 0, 0, 0
119, -18.556, 20.006, 72.895, 0, 0, 0, 0
119, -19.008, 19.648, 72.895, 0, 0, 0, 0
119, -22.393, 15.855, 72.895, 0, 0, 0, 0
119, -22.743, 15.39, 72.895, 0, 0, 0, 0
119, -25.202, 11.174, 72.895, 0, 0, 0, 0
119, -25.417, 10.651, 72.895, 0, 0, 0, 0
119, -27.08, 5.72, 72.895, 0, 0, 0, 0
119, -27.15, 5.177, 72.895, 0, 0, 0, 0
119, -27.757, -0.298, 72.895, 0, 0, 0, 0
119, -27.688, -0.828, 72.895, 0, 0, 0, 0
119, -27.144, -6.045, 72.895, 0, 0, 0, 0
119, -25.638, -10.779, 72.895, 0, 0, 0, 0
119, -25.424, -11.3, 72.895, 0, 0, 0, 0
119, -22.961, -15.707, 72.895, 0, 0, 0, 0
119, -22.617, -16.163, 72.895, 0, 0, 0, 0
119, -19.001, -20.279, 72.895, 0, 0, 0, 0
119, -15.998, -22.675, 72.895, 0, 0, 0, 0
119, -13.368, -24.275, 72.895, 0, 0, 0, 0
119, -12.875, -24.494, 72.895, 0, 0, 0, 0
119, -7.086, -26.682, 72.895, 0, 0, 0, 0
119, -6.664, -26.752, 72.895, 0, 0, 0, 0
119, -0.457, -27.484, 72.895, 0, 0, 0, 0
119, 0.038, -27.445, 72.895, 0, 0, 0, 0
119, 0.649, -27.488, 72.895, 0, 0, 0, 0
119, 3.875, -27.295, 72.895, 0, 0, 0, 0
119, 4.37, -27.213, 72.895, 0, 0, 0, 0
119, 7.476, -26.626, 72.895, 0, 0, 0, 0
119, 13.223, -24.392, 72.895, 0, 0, 0, 0
119, 13.678, -24.19, 72.895, 0, 0, 0, 0
119, 18.712, -20.631, 72.895, 0, 0, 0, 0
119, 19.165, -20.273, 72.895, 0, 0, 0, 0
119, 22.549, -16.479, 72.895, 0, 0, 0, 0
119, 22.9, -16.014, 72.895, 0, 0, 0, 0
119, 25.359, -11.797, 72.895, 0, 0, 0, 0
119, 25.574, -11.274, 72.895, 0, 0, 0, 0
119, 27.236, -6.344, 72.895, 0, 0, 0, 0
119, 27.307, -5.8, 72.895, 0, 0, 0, 0
119, 27.914, -0.326, 72.895, 0, 0, 0, 0
119, 27.845, 0.204, 72.895, 0, 0, 0, 0
119, 27.301, 5.42, 72.895, 0, 0, 0, 0
119, 25.796, 10.154, 72.895, 0, 0, 0, 0
119, 25.582, 10.673, 72.895, 0, 0, 0, 0
119, 23.119, 15.081, 72.895, 0, 0, 0, 0
119, 22.776, 15.538, 72.895, 0, 0, 0, 0
119, 19.162, 19.651, 72.895, 0, 0, 0, 0
119, 18.714, 20.005, 72.895, 0, 0, 0, 0
119, 13.687, 23.565, 72.895, 0, 0, 0, 0
119, 13.192, 23.784, 72.895, 0, 0, 0, 0
119, 7.425, 26.019, 72.895, 0, 0, 0, 0
119, 6.915, 26.105, 72.895, 0, 0, 0, 0
119, 0.74, 26.869, 72.895, 0, 0, 0, 0
119, 0.116, 26.823, 72.895, 0, 0, 0, 0
120, -0.327, 27.007, 73.505, 0, 0, 0, 0
120, -6.771, 26.208, 73.505, 0, 0, 0, 0
120, -7.028, 26.166, 73.505, 0, 0, 0, 0
120, -13.057, 23.829, 73.505, 0, 0, 0, 0
120, -13.308, 23.718, 73.505, 0, 0, 0, 0
120, -18.572, 19.99, 73.505, 0, 0, 0, 0
120, -18.809, 19.802, 73.505, 0, 0, 0, 0
120, -22.36, 15.823, 73.505, 0, 0, 0, 0
120, -22.54, 15.584, 73.505, 0, 0, 0, 0
120, -25.124, 11.154, 73.505, 0, 0, 0, 0
120, -25.229, 10.898, 73.505, 0, 0, 0, 0
120, -26.973, 5.725, 73.505, 0, 0, 0, 0
120, -27.651, -0.316, 73.505, 0, 0, 0, 0
120, -27.046, -6.02, 73.505, 0, 0, 0, 0
120, -25.462, -11.001, 73.505, 0, 0, 0, 0
120, -25.357, -11.255, 73.505, 0, 0, 0, 0
120, -22.77, -15.885, 73.505, 0, 0, 0, 0
120, -22.596, -16.115, 73.505, 0, 0, 0, 0
120, -18.802, -20.433, 73.505, 0, 0, 0, 0
120, -15.895, -22.754, 73.505, 0, 0, 0, 0
120, -13.138, -24.432, 73.505, 0, 0, 0, 0
120, -12.889, -24.542, 73.505, 0, 0, 0, 0
120, -6.837, -26.83, 73.505, 0, 0, 0, 0
120, -6.673, -26.857, 73.505, 0, 0, 0, 0
120, -0.195, -27.621, 73.505, 0, 0, 0, 0
120, 0.05, -27.602, 73.505, 0, 0, 0, 0
120, 0.386, -27.625, 73.505, 0, 0, 0, 0
120, 3.742, -27.424, 73.505, 0, 0, 0, 0
120, 7.24, -26.77, 73.505, 0, 0, 0, 0
120, 13.246, -24.435, 73.505, 0, 0, 0, 0
120, 13.456, -24.342, 73.505, 0, 0, 0, 0
120, 18.728, -20.614, 73.505, 0, 0, 0, 0
120, 18.966, -20.426, 73.505, 0, 0, 0, 0
120, 22.517, -16.446, 73.505, 0, 0, 0, 0
120, 22.698, -16.207, 73.505, 0, 0, 0, 0
120, 25.282, -11.776, 73.505, 0, 0, 0, 0
120, 25.387, -11.521, 73.505, 0, 0, 0, 0
120, 27.13, -6.349, 73.505, 0, 0, 0, 0
120, 27.807, -0.308, 73.505, 0, 0, 0, 0
120, 27.203, 5.396, 73.505, 0, 0, 0, 0
120, 25.619, 10.375, 73.505, 0, 0, 0, 0
120, 25.515, 10.629, 73.505, 0, 0, 0, 0
120, 22.928, 15.259, 73.505, 0, 0, 0, 0
120, 22.754, 15.49, 73.505, 0, 0, 0, 0
120, 18.963, 19.805, 73.505, 0, 0, 0, 0
120, 18.729, 19.99, 73.505, 0, 0, 0, 0
120, 13.465, 23.718, 73.505, 0, 0, 0, 0
120, 13.213, 23.829, 73.505, 0, 0, 0, 0
120, 7.183, 26.166, 73.505, 0, 0, 0, 0
120, 6.926, 26.209, 73.505, 0, 0, 0, 0
120, 0.477, 27.007, 73.505, 0, 0, 0, 0
120, 0.051, 26.979, 73.505, 0, 0, 0, 0
121, -0.063, 27.145, 74.115, 0, 0, 0, 0
121, -6.813, 26.301, 74.115, 0, 0, 0, 0
121, -13.114, 23.85, 74.115, 0, 0, 0, 0
121, -18.587, 19.975, 74.115, 0, 0, 0, 0
121, -18.61, 19.956, 74.115, 0, 0, 0, 0
121, -22.328, 15.79, 74.115, 0, 0, 0, 0
121, -22.338, 15.777, 74.115, 0, 0, 0, 0
121, -25.044, 11.137, 74.115, 0, 0, 0, 0
121, -26.871, 5.719, 74.115, 0, 0, 0, 0
121, -27.542, -0.317, 74.115, 0, 0, 0, 0
121, -26.947, -5.998, 74.115, 0, 0, 0, 0
121, -25.288, -11.214, 74.115, 0, 0, 0, 0
121, -22.579, -16.062, 74.115, 0, 0, 0, 0
121, -22.575, -16.067, 74.115, 0, 0, 0, 0
121, -18.604, -20.586, 74.115, 0, 0, 0, 0
121, -15.792, -22.833, 74.115, 0, 0, 0, 0
121, -12.941, -24.569, 74.115, 0, 0, 0, 0
121, -6.619, -26.966, 74.115, 0, 0, 0, 0
121, 0.081, -27.76, 74.115, 0, 0, 0, 0
121, 3.624, -27.553, 74.115, 0, 0, 0, 0
121, 7.0, -26.916, 74.115, 0, 0, 0, 0
121, 13.261, -24.476, 74.115, 0, 0, 0, 0
121, 18.745, -20.598, 74.115, 0, 0, 0, 0
121, 18.768, -20.58, 74.115, 0, 0, 0, 0
121, 22.486, -16.413, 74.115, 0, 0, 0, 0
121, 22.496, -16.4, 74.115, 0, 0, 0, 0
121, 25.18, -11.796, 74.115, 0, 0, 0, 0
121, 27.028, -6.342, 74.115, 0, 0, 0, 0
121, 27.699, -0.307, 74.115, 0, 0, 0, 0
121, 27.104, 5.373, 74.115, 0, 0, 0, 0
121, 25.446, 10.589, 74.115, 0, 0, 0, 0
121, 22.736, 15.437, 74.115, 0, 0, 0, 0
121, 22.733, 15.442, 74.115, 0, 0, 0, 0
121, 18.764, 19.959, 74.115, 0, 0, 0, 0
121, 18.745, 19.974, 74.115, 0, 0, 0, 0
121, 13.271, 23.85, 74.115, 0, 0, 0, 0
121, 6.968, 26.302, 74.115, 0, 0, 0, 0
121, 0.223, 27.144, 74.115, 0, 0, 0, 0
121, 0.091, 27.135, 74.115, 0, 0, 0, 0
122, -6.595, 26.41, 74.725, 0, 0, 0, 0
122, -6.652, 26.403, 74.725, 0, 0, 0, 0
122, -12.981, 23.945, 74.725, 0, 0, 0, 0
122, -18.525, 20.008, 74.725, 0, 0, 0, 0
122, -22.275, 15.792, 74.725, 0, 0, 0, 0
122, -24.964, 11.176, 74.725, 0, 0, 0, 0
122, -26.807, 5.713, 74.725, 0, 0, 0, 0
122, -27.474, -0.317, 74.725, 0, 0, 0, 0
122, -26.886, -5.979, 74.725, 0, 0, 0, 0
122, -25.212, -11.244, 74.725, 0, 0, 0, 0
122, -22.513, -16.08, 74.725, 0, 0, 0, 0
122, -18.493, -20.666, 74.725, 0, 0, 0, 0
122, -15.687, -22.911, 74.725, 0, 0, 0, 0
122, -12.829, -24.657, 74.725, 0, 0, 0, 0
122, -6.555, -27.045, 74.725, 0, 0, 0, 0
122, 0.103, -27.855, 74.725, 0, 0, 0, 0
122, 3.608, -27.63, 74.725, 0, 0, 0, 0
122, 6.938, -26.994, 74.725, 0, 0, 0, 0
122, 13.16, -24.557, 74.725, 0, 0, 0, 0
122, 18.682, -20.632, 74.725, 0, 0, 0, 0
122, 22.432, -16.415, 74.725, 0, 0, 0, 0
122, 25.122, -11.798, 74.725, 0, 0, 0, 0
122, 26.964, -6.337, 74.725, 0, 0, 0, 0
122, 27.631, -0.307, 74.725, 0, 0, 0, 0
122, 27.041, 5.361, 74.725, 0, 0, 0, 0
122, 25.366, 10.627, 74.725, 0, 0, 0, 0
122, 22.671, 15.454, 74.725, 0, 0, 0, 0
122, 18.678, 20.011, 74.725, 0, 0, 0, 0
122, 13.138, 23.945, 74.725, 0, 0, 0, 0
122, 6.812, 26.401, 74.725, 0, 0, 0, 0
122, 0.077, 27.237, 74.725, 0, 0, 0, 0
123, -5.851, 26.502, 75.335, 0, 0, 0, 0
123, -6.697, 26.391, 75.335, 0, 0, 0, 0
123, -12.262, 24.234, 75.335, 0, 0, 0, 0
123, -13.05, 23.908, 75.335, 0, 0, 0, 0
123, -17.92, 20.46, 75.335, 0, 0, 0, 0
123, -18.61, 19.93, 75.335, 0, 0, 0, 0
123, -21.939, 16.199, 75.335, 0, 0, 0, 0
123, -22.421, 15.571, 75.335, 0, 0, 0, 0
123, -24.854, 11.396, 75.335, 0, 0, 0, 0
123, -25.128, 10.734, 75.335, 0, 0, 0, 0
123, -26.775, 5.839, 75.335, 0, 0, 0, 0
123, -27.388, 0.301, 75.335, 0, 0, 0, 0
123, -27.472, -0.332, 75.335, 0, 0, 0, 0
123, -26.938, -5.469, 75.335, 0, 0, 0, 0
123, -26.851, -6.126, 75.335, 0, 0, 0, 0
123, -25.35, -10.858, 75.335, 0, 0, 0, 0
123, -25.079, -11.515, 75.335, 0, 0, 0, 0
123, -22.636, -15.893, 75.335, 0, 0, 0, 0
123, -22.163, -16.509, 75.335, 0, 0, 0, 0
123, -18.595, -20.569, 75.335, 0, 0, 0, 0
123, -16.164, -22.517, 75.335, 0, 0, 0, 0
123, -15.472, -23.049, 75.335, 0, 0, 0, 0
123, -12.925, -24.605, 75.335, 0, 0, 0, 0
123, -12.222, -24.896, 75.335, 0, 0, 0, 0
123, -6.608, -27.037, 75.335, 0, 0, 0, 0
123, 0.139, -27.866, 75.335, 0, 0, 0, 0
123, 3.278, -27.663, 75.335, 0, 0, 0, 0
123, 6.388, -27.058, 75.335, 0, 0, 0, 0
123, 7.003, -26.977, 75.335, 0, 0, 0, 0
123, 12.562, -24.797, 75.335, 0, 0, 0, 0
123, 13.228, -24.521, 75.335, 0, 0, 0, 0
123, 18.078, -21.083, 75.335, 0, 0, 0, 0
123, 18.767, -20.554, 75.335, 0, 0, 0, 0
123, 22.097, -16.822, 75.335, 0, 0, 0, 0
123, 22.578, -16.194, 75.335, 0, 0, 0, 0
123, 25.011, -12.018, 75.335, 0, 0, 0, 0
123, 25.285, -11.356, 75.335, 0, 0, 0, 0
123, 26.932, -6.462, 75.335, 0, 0, 0, 0
123, 27.545, -0.925, 75.335, 0, 0, 0, 0
123, 27.629, -0.292, 75.335, 0, 0, 0, 0
123, 27.094, 4.85, 75.335, 0, 0, 0, 0
123, 27.007, 5.507, 75.335, 0, 0, 0, 0
123, 25.505, 10.241, 75.335, 0, 0, 0, 0
123, 25.233, 10.897, 75.335, 0, 0, 0, 0
123, 22.794, 15.267, 75.335, 0, 0, 0, 0
123, 22.321, 15.883, 75.335, 0, 0, 0, 0
123, 18.763, 19.933, 75.335, 0, 0, 0, 0
123, 18.079, 20.458, 75.335, 0, 0, 0, 0
123, 13.207, 23.908, 75.335, 0, 0, 0, 0
123, 12.419, 24.235, 75.335, 0, 0, 0, 0
123, 6.858, 26.389, 75.335, 0, 0, 0, 0
123, 0.077, 27.237, 75.335, 0, 0, 0, 0
124, -5.107, 26.595, 75.945, 0, 0, 0, 0
124, -6.743, 26.379, 75.945, 0, 0, 0, 0
124, -11.608, 24.494, 75.945, 0, 0, 0, 0
124, -13.131, 23.863, 75.945, 0, 0, 0, 0
124, -17.39, 20.847, 75.945, 0, 0, 0, 0
124, -18.711, 19.834, 75.945, 0, 0, 0, 0
124, -21.62, 16.574, 75.945, 0, 0, 0, 0
124, -22.593, 15.305, 75.945, 0, 0, 0, 0
124, -24.718, 11.657, 75.945, 0, 0, 0, 0
124, -25.305, 10.241, 75.945, 0, 0, 0, 0
124, -26.744, 5.966, 75.945, 0, 0, 0, 0
124, -27.281, 1.119, 75.945, 0, 0, 0, 0
124, -27.472, -0.332, 75.945, 0, 0, 0, 0
124, -27.005, -4.82, 75.945, 0, 0, 0, 0
124, -26.811, -6.294, 75.945, 0, 0, 0, 0
124, -25.5, -10.428, 75.945, 0, 0, 0, 0
124, -24.915, -11.839, 75.945, 0, 0, 0, 0
124, -22.781, -15.664, 75.945, 0, 0, 0, 0
124, -21.816, -16.922, 75.945, 0, 0, 0, 0
124, -18.697, -20.472, 75.945, 0, 0, 0, 0
124, -16.575, -22.172, 75.945, 0, 0, 0, 0
124, -15.244, -23.193, 75.945, 0, 0, 0, 0
124, -13.027, -24.548, 75.945, 0, 0, 0, 0
124, -11.574, -25.15, 75.945, 0, 0, 0, 0
124, -6.666, -27.022, 75.945, 0, 0, 0, 0
124, -1.155, -27.695, 75.945, 0, 0, 0, 0
124, 0.143, -27.866, 75.945, 0, 0, 0, 0
124, 2.866, -27.69, 75.945, 0, 0, 0, 0
124, 5.592, -27.159, 75.945, 0, 0, 0, 0
124, 7.03, -26.97, 75.945, 0, 0, 0, 0
124, 11.89, -25.064, 75.945, 0, 0, 0, 0
124, 13.307, -24.477, 75.945, 0, 0, 0, 0
124, 17.547, -21.471, 75.945, 0, 0, 0, 0
124, 18.868, -20.457, 75.945, 0, 0, 0, 0
124, 21.778, -17.197, 75.945, 0, 0, 0, 0
124, 22.751, -15.928, 75.945, 0, 0, 0, 0
124, 24.876, -12.28, 75.945, 0, 0, 0, 0
124, 25.462, -10.864, 75.945, 0, 0, 0, 0
124, 26.901, -6.59, 75.945, 0, 0, 0, 0
124, 27.437, -1.743, 75.945, 0, 0, 0, 0
124, 27.629, -0.292, 75.945, 0, 0, 0, 0
124, 27.161, 4.201, 75.945, 0, 0, 0, 0
124, 26.967, 5.674, 75.945, 0, 0, 0, 0
124, 25.654, 9.81, 75.945, 0, 0, 0, 0
124, 25.07, 11.221, 75.945, 0, 0, 0, 0
124, 22.939, 15.039, 75.945, 0, 0, 0, 0
124, 21.974, 16.297, 75.945, 0, 0, 0, 0
124, 18.864, 19.836, 75.945, 0, 0, 0, 0
124, 17.548, 20.846, 75.945, 0, 0, 0, 0
124, 13.288, 23.863, 75.945, 0, 0, 0, 0
124, 11.765, 24.494, 75.945, 0, 0, 0, 0
124, 6.899, 26.379, 75.945, 0, 0, 0, 0
124, 5.263, 26.595, 75.945, 0, 0, 0, 0
124, 0.078, 27.237, 75.945, 0, 0, 0, 0
125, -4.362, 26.687, 76.555, 0, 0, 0, 0
125, -6.788, 26.367, 76.555, 0, 0, 0, 0
125, -10.954, 24.753, 76.555, 0, 0, 0, 0
125, -13.213, 23.817, 76.555, 0, 0, 0, 0
125, -16.86, 21.235, 76.555, 0, 0, 0, 0
125, -18.813, 19.737, 76.555, 0, 0, 0, 0
125, -21.301, 16.948, 76.555, 0, 0, 0, 0
125, -22.766, 15.038, 76.555, 0, 0, 0, 0
125, -24.583, 11.919, 76.555, 0, 0, 0, 0
125, -25.482, 9.749, 76.555, 0, 0, 0, 0
125, -26.713, 6.093, 76.555, 0, 0, 0, 0
125, -27.173, 1.937, 76.555, 0, 0, 0, 0
125, -27.472, -0.332, 76.555, 0, 0, 0, 0
125, -27.073, -4.172, 76.555, 0, 0, 0, 0
125, -26.771, -6.462, 76.555, 0, 0, 0, 0
125, -25.65, -9.998, 76.555, 0, 0, 0, 0
125, -24.752, -12.164, 76.555, 0, 0, 0, 0
125, -22.927, -15.436, 76.555, 0, 0, 0, 0
125, -21.469, -17.336, 76.555, 0, 0, 0, 0
125, -18.798, -20.375, 76.555, 0, 0, 0, 0
125, -16.986, -21.827, 76.555, 0, 0, 0, 0
125, -15.017, -23.338, 76.555, 0, 0, 0, 0
125, -13.129, -24.491, 76.555, 0, 0, 0, 0
125, -10.925, -25.404, 76.555, 0, 0, 0, 0
125, -6.723, -27.007, 76.555, 0, 0, 0, 0
125, -2.0, -27.584, 76.555, 0, 0, 0, 0
125, 0.14, -27.866, 76.555, 0, 0, 0, 0
125, 2.454, -27.716, 76.555, 0, 0, 0, 0
125, 4.795, -27.26, 76.555, 0, 0, 0, 0
125, 7.057, -26.962, 76.555, 0, 0, 0, 0
125, 11.219, -25.33, 76.555, 0, 0, 0, 0
125, 13.386, -24.433, 76.555, 0, 0, 0, 0
125, 17.017, -21.858, 76.555, 0, 0, 0, 0
125, 18.97, -20.36, 76.555, 0, 0, 0, 0
125, 21.458, -17.571, 76.555, 0, 0, 0, 0
125, 22.923, -15.662, 76.555, 0, 0, 0, 0
125, 24.741, -12.542, 76.555, 0, 0, 0, 0
125, 25.64, -10.372, 76.555, 0, 0, 0, 0
125, 26.87, -6.717, 76.555, 0, 0, 0, 0
125, 27.33, -2.561, 76.555, 0, 0, 0, 0
125, 27.629, -0.292, 76.555, 0, 0, 0, 0
125, 27.229, 3.552, 76.555, 0, 0, 0, 0
125, 26.927, 5.841, 76.555, 0, 0, 0, 0
125, 25.804, 9.379, 76.555, 0, 0, 0, 0
125, 24.907, 11.545, 76.555, 0, 0, 0, 0
125, 23.084, 14.811, 76.555, 0, 0, 0, 0
125, 21.627, 16.711, 76.555, 0, 0, 0, 0
125, 18.966, 19.74, 76.555, 0, 0, 0, 0
125, 17.018, 21.234, 76.555, 0, 0, 0, 0
125, 13.37, 23.817, 76.555, 0, 0, 0, 0
125, 11.111, 24.753, 76.555, 0, 0, 0, 0
125, 6.944, 26.368, 76.555, 0, 0, 0, 0
125, 4.519, 26.687, 76.555, 0, 0, 0, 0
125, 0.078, 27.237, 76.555, 0, 0, 0, 0
126, -3.618, 26.779, 77.165, 0, 0, 0, 0
126, -6.833, 26.356, 77.165, 0, 0, 0, 0
126, -10.301, 25.012, 77.165, 0, 0, 0, 0
126, -13.295, 23.772, 77.165, 0, 0, 0, 0
126, -16.33, 21.623, 77.165, 0, 0, 0, 0
126, -18.914, 19.64, 77.165, 0, 0, 0, 0
126, -20.982, 17.323, 77.165, 0, 0, 0, 0
126, -22.939, 14.772, 77.165, 0, 0, 0, 0
126, -24.448, 12.181, 77.165, 0, 0, 0, 0
126, -25.66, 9.256, 77.165, 0, 0, 0, 0
126, -26.682, 6.22, 77.165, 0, 0, 0, 0
126, -27.065, 2.756, 77.165, 0, 0, 0, 0
126, -27.472, -0.332, 77.165, 0, 0, 0, 0
126, -27.14, -3.524, 77.165, 0, 0, 0, 0
126, -26.731, -6.629, 77.165, 0, 0, 0, 0
126, -25.799, -9.568, 77.165, 0, 0, 0, 0
126, -24.589, -12.489, 77.165, 0, 0, 0, 0
126, -23.072, -15.208, 77.165, 0, 0, 0, 0
126, -21.122, -17.749, 77.165, 0, 0, 0, 0
126, -18.9, -20.279, 77.165, 0, 0, 0, 0
126, -17.397, -21.483, 77.165, 0, 0, 0, 0
126, -14.79, -23.483, 77.165, 0, 0, 0, 0
126, -13.232, -24.435, 77.165, 0, 0, 0, 0
126, -10.277, -25.659, 77.165, 0, 0, 0, 0
126, -6.78, -26.992, 77.165, 0, 0, 0, 0
126, -2.844, -27.473, 77.165, 0, 0, 0, 0
126, 0.138, -27.866, 77.165, 0, 0, 0, 0
126, 2.042, -27.743, 77.165, 0, 0, 0, 0
126, 3.999, -27.362, 77.165, 0, 0, 0, 0
126, 7.084, -26.955, 77.165, 0, 0, 0, 0
126, 10.547, -25.597, 77.165, 0, 0, 0, 0
126, 13.465, -24.388, 77.165, 0, 0, 0, 0
126, 16.487, -22.246, 77.165, 0, 0, 0, 0
126, 19.071, -20.263, 77.165, 0, 0, 0, 0
126, 21.139, -17.946, 77.165, 0, 0, 0, 0
126, 23.096, -15.395, 77.165, 0, 0, 0, 0
126, 24.605, -12.804, 77.165, 0, 0, 0, 0
126, 25.817, -9.88, 77.165, 0, 0, 0, 0
126, 26.838, -6.844, 77.165, 0, 0, 0, 0
126, 27.222, -3.38, 77.165, 0, 0, 0, 0
126, 27.629, -0.292, 77.165, 0, 0, 0, 0
126, 27.296, 2.903, 77.165, 0, 0, 0, 0
126, 26.887, 6.009, 77.165, 0, 0, 0, 0
126, 25.954, 8.948, 77.165, 0, 0, 0, 0
126, 24.744, 11.869, 77.165, 0, 0, 0, 0
126, 23.23, 14.583, 77.165, 0, 0, 0, 0
126, 21.28, 17.124, 77.165, 0, 0, 0, 0
126, 19.067, 19.643, 77.165, 0, 0, 0, 0
126, 16.487, 21.622, 77.165, 0, 0, 0, 0
126, 13.451, 23.772, 77.165, 0, 0, 0, 0
126, 10.457, 25.012, 77.165, 0, 0, 0, 0
126, 6.989, 26.356, 77.165, 0, 0, 0, 0
126, 3.774, 26.779, 77.165, 0, 0, 0, 0
126, 0.078, 27.237, 77.165, 0, 0, 0, 0
127, -2.874, 26.871, 77.775, 0, 0, 0, 0
127, -6.879, 26.344, 77.775, 0, 0, 0, 0
127, -9.647, 25.271, 77.775, 0, 0, 0, 0
127, -13.376, 23.726, 77.775, 0, 0, 0, 0
127, -15.799, 22.01, 77.775, 0, 0, 0, 0
127, -19.016, 19.543, 77.775, 0, 0, 0, 0
127, -20.663, 17.697, 77.775, 0, 0, 0, 0
127, -23.111, 14.505, 77.775, 0, 0, 0, 0
127, -24.313, 12.443, 77.775, 0, 0, 0, 0
127, -25.837, 8.764, 77.775, 0, 0, 0, 0
127, -26.65, 6.347, 77.775, 0, 0, 0, 0
127, -26.957, 3.574, 77.775, 0, 0, 0, 0
127, -27.472, -0.332, 77.775, 0, 0, 0, 0
127, -27.207, -2.875, 77.775, 0, 0, 0, 0
127, -26.691, -6.797, 77.775, 0, 0, 0, 0
127, -25.949, -9.137, 77.775, 0, 0, 0, 0
127, -24.426, -12.814, 77.775, 0, 0, 0, 0
127, -23.218, -14.979, 77.775, 0, 0, 0, 0
127, -20.776, -18.162, 77.775, 0, 0, 0, 0
127, -19.001, -20.182, 77.775, 0, 0, 0, 0
127, -17.808, -21.138, 77.775, 0, 0, 0, 0
127, -14.562, -23.628, 77.775, 0, 0, 0, 0
127, -13.334, -24.378, 77.775, 0, 0, 0, 0
127, -9.628, -25.913, 77.775, 0, 0, 0, 0
127, -6.838, -26.978, 77.775, 0, 0, 0, 0
127, -3.689, -27.362, 77.775, 0, 0, 0, 0
127, 0.136, -27.866, 77.775, 0, 0, 0, 0
127, 1.63, -27.769, 77.775, 0, 0, 0, 0
127, 3.202, -27.463, 77.775, 0, 0, 0, 0
127, 7.11, -26.948, 77.775, 0, 0, 0, 0
127, 9.876, -25.864, 77.775, 0, 0, 0, 0
127, 13.544, -24.344, 77.775, 0, 0, 0, 0
127, 15.956, -22.634, 77.775, 0, 0, 0, 0
127, 19.173, -20.167, 77.775, 0, 0, 0, 0
127, 20.82, -18.321, 77.775, 0, 0, 0, 0
127, 23.269, -15.129, 77.775, 0, 0, 0, 0
127, 24.47, -13.066, 77.775, 0, 0, 0, 0
127, 25.994, -9.387, 77.775, 0, 0, 0, 0
127, 26.807, -6.971, 77.775, 0, 0, 0, 0
127, 27.114, -4.198, 77.775, 0, 0, 0, 0
127, 27.629, -0.292, 77.775, 0, 0, 0, 0
127, 27.364, 2.254, 77.775, 0, 0, 0, 0
127, 26.847, 6.176, 77.775, 0, 0, 0, 0
127, 26.104, 8.517, 77.775, 0, 0, 0, 0
127, 24.581, 12.193, 77.775, 0, 0, 0, 0
127, 23.375, 14.355, 77.775, 0, 0, 0, 0
127, 20.933, 17.538, 77.775, 0, 0, 0, 0
127, 19.168, 19.546, 77.775, 0, 0, 0, 0
127, 15.957, 22.01, 77.775, 0, 0, 0, 0
127, 13.533, 23.726, 77.775, 0, 0, 0, 0
127, 9.804, 25.271, 77.775, 0, 0, 0, 0
127, 7.035, 26.344, 77.775, 0, 0, 0, 0
127, 3.03, 26.871, 77.775, 0, 0, 0, 0
127, 0.078, 27.237, 77.775, 0, 0, 0, 0
128, -2.13, 26.963, 78.385, 0, 0, 0, 0
128, -6.924, 26.332, 78.385, 0, 0, 0, 0
128, -8.993, 25.53, 78.385, 0, 0, 0, 0
128, -13.458, 23.681, 78.385, 0, 0, 0, 0
128, -15.269, 22.398, 78.385, 0, 0, 0, 0
128, -19.117, 19.446, 78.385, 0, 0, 0, 0
128, -20.343, 18.072, 78.385, 0, 0, 0, 0
128, -23.284, 14.239, 78.385, 0, 0, 0, 0
128, -24.178, 12.705, 78.385, 0, 0, 0, 0
128, -26.014, 8.271, 78.385, 0, 0, 0, 0
128, -26.619, 6.474, 78.385, 0, 0, 0, 0
128, -26.849, 4.392, 78.385, 0, 0, 0, 0
128, -27.472, -0.332, 78.385, 0, 0, 0, 0
128, -27.275, -2.227, 78.385, 0, 0, 0, 0
128, -26.651, -6.965, 78.385, 0, 0, 0, 0
128, -26.098, -8.707, 78.385, 0, 0, 0, 0
128, -24.263, -13.139, 78.385, 0, 0, 0, 0
128, -23.363, -14.751, 78.385, 0, 0, 0, 0
128, -20.429, -18.575, 78.385, 0, 0, 0, 0
128, -19.103, -20.085, 78.385, 0, 0, 0, 0
128, -18.219, -20.793, 78.385, 0, 0, 0, 0
128, -14.335, -23.773, 78.385, 0, 0, 0, 0
128, -13.436, -24.322, 78.385, 0, 0, 0, 0
128, -8.98, -26.168, 78.385, 0, 0, 0, 0
128, -6.895, -26.963, 78.385, 0, 0, 0, 0
128, -4.533, -27.251, 78.385, 0, 0, 0, 0
128, 0.134, -27.866, 78.385, 0, 0, 0, 0
128, 1.218, -27.796, 78.385, 0, 0, 0, 0
128, 2.406, -27.564, 78.385, 0, 0, 0, 0
128, 7.137, -26.941, 78.385, 0, 0, 0, 0
128, 9.204, -26.131, 78.385, 0, 0, 0, 0
128, 13.623, -24.3, 78.385, 0, 0, 0, 0
128, 15.426, -23.022, 78.385, 0, 0, 0, 0
128, 19.274, -20.07, 78.385, 0, 0, 0, 0
128, 20.5, -18.695, 78.385, 0, 0, 0, 0
128, 23.441, -14.863, 78.385, 0, 0, 0, 0
128, 24.335, -13.328, 78.385, 0, 0, 0, 0
128, 26.171, -8.895, 78.385, 0, 0, 0, 0
128, 26.776, -7.098, 78.385, 0, 0, 0, 0
128, 27.006, -5.016, 78.385, 0, 0, 0, 0
128, 27.629, -0.292, 78.385, 0, 0, 0, 0
128, 27.431, 1.605, 78.385, 0, 0, 0, 0
128, 26.807, 6.343, 78.385, 0, 0, 0, 0
128, 26.254, 8.086, 78.385, 0, 0, 0, 0
128, 24.418, 12.517, 78.385, 0, 0, 0, 0
128, 23.52, 14.126, 78.385, 0, 0, 0, 0
128, 20.586, 17.951, 78.385, 0, 0, 0, 0
128, 19.27, 19.449, 78.385, 0, 0, 0, 0
128, 15.427, 22.398, 78.385, 0, 0, 0, 0
128, 13.615, 23.681, 78.385, 0, 0, 0, 0
128, 9.15, 25.53, 78.385, 0, 0, 0, 0
128, 7.08, 26.332, 78.385, 0, 0, 0, 0
128, 2.286, 26.964, 78.385, 0, 0, 0, 0
128, 0.078, 27.237, 78.385, 0, 0, 0, 0
129, -1.386, 27.056, 78.995, 0, 0, 0, 0
129, -6.969, 26.32, 78.995, 0, 0, 0, 0
129, -8.34, 25.789, 78.995, 0, 0, 0, 0
129, -13.539, 23.635, 78.995, 0, 0, 0, 0
129, -14.739, 22.786, 78.995, 0, 0, 0, 0
129, -19.219, 19.349, 78.995, 0, 0, 0, 0
129, -20.024, 18.446, 78.995, 0, 0, 0, 0
129, -23.457, 13.973, 78.995, 0, 0, 0, 0
129, -24.043, 12.966, 78.995, 0, 0, 0, 0
129, -26.191, 7.779, 78.995, 0, 0, 0, 0
129, -26.588, 6.601, 78.995, 0, 0, 0, 0
129, -26.742, 5.211, 78.995, 0, 0, 0, 0
129, -27.472, -0.332, 78.995, 0, 0, 0, 0
129, -27.342, -1.578, 78.995, 0, 0, 0, 0
129, -26.611, -7.133, 78.995, 0, 0, 0, 0
129, -26.248, -8.277, 78.995, 0, 0, 0, 0
129, -24.1, -13.463, 78.995, 0, 0, 0, 0
129, -23.508, -14.523, 78.995, 0, 0, 0, 0
129, -20.082, -18.989, 78.995, 0, 0, 0, 0
129, -19.204, -19.988, 78.995, 0, 0, 0, 0
129, -18.63, -20.448, 78.995, 0, 0, 0, 0
129, -14.107, -23.918, 78.995, 0, 0, 0, 0
129, -13.539, -24.265, 78.995, 0, 0, 0, 0
129, -8.331, -26.422, 78.995, 0, 0, 0, 0
129, -6.953, -26.948, 78.995, 0, 0, 0, 0
129, -5.378, -27.14, 78.995, 0, 0, 0, 0
129, 0.131, -27.866, 78.995, 0, 0, 0, 0
129, 0.806, -27.822, 78.995, 0, 0, 0, 0
129, 1.609, -27.666, 78.995, 0, 0, 0, 0
129, 7.164, -26.934, 78.995, 0, 0, 0, 0
129, 8.532, -26.397, 78.995, 0, 0, 0, 0
129, 13.702, -24.256, 78.995, 0, 0, 0, 0
129, 14.896, -23.41, 78.995, 0, 0, 0, 0
129, 19.376, -19.973, 78.995, 0, 0, 0, 0
129, 20.181, -19.07, 78.995, 0, 0, 0, 0
129, 23.614, -14.596, 78.995, 0, 0, 0, 0
129, 24.2, -13.59, 78.995, 0, 0, 0, 0
129, 26.348, -8.403, 78.995, 0, 0, 0, 0
129, 26.745, -7.225, 78.995, 0, 0, 0, 0
129, 26.898, -5.835, 78.995, 0, 0, 0, 0
129, 27.629, -0.292, 78.995, 0, 0, 0, 0
129, 27.499, 0.956, 78.995, 0, 0, 0, 0
129, 26.767, 6.511, 78.995, 0, 0, 0, 0
129, 26.404, 7.655, 78.995, 0, 0, 0, 0
129, 24.256, 12.841, 78.995, 0, 0, 0, 0
129, 23.666, 13.898, 78.995, 0, 0, 0, 0
129, 20.239, 18.364, 78.995, 0, 0, 0, 0
129, 19.371, 19.352, 78.995, 0, 0, 0, 0
129, 14.896, 22.785, 78.995, 0, 0, 0, 0
129, 13.696, 23.635, 78.995, 0, 0, 0, 0
129, 8.496, 25.789, 78.995, 0, 0, 0, 0
129, 7.126, 26.32, 78.995, 0, 0, 0, 0
129, 1.542, 27.056, 78.995, 0, 0, 0, 0
129, 0.078, 27.237, 78.995, 0, 0, 0, 0
130, -0.641, 27.148, 79.605, 0, 0, 0, 0
130, -7.014, 26.308, 79.605, 0, 0, 0, 0
130, -7.686, 26.048, 79.605, 0, 0, 0, 0
130, -13.621, 23.59, 79.605, 0, 0, 0, 0
130, -14.209, 23.173, 79.605, 0, 0, 0, 0
130, -19.32, 19.252, 79.605, 0, 0, 0, 0
130, -19.705, 18.821, 79.605, 0, 0, 0, 0
130, -23.629, 13.706, 79.605, 0, 0, 0, 0
130, -23.908, 13.228, 79.605, 0, 0, 0, 0
130, -26.369, 7.287, 79.605, 0, 0, 0, 0
130, -26.556, 6.728, 79.605, 0, 0, 0, 0
130, -26.634, 6.029, 79.605, 0, 0, 0, 0
130, -27.472, -0.332, 79.605, 0, 0, 0, 0
130, -27.41, -0.93, 79.605, 0, 0, 0, 0
130, -26.57, -7.301, 79.605, 0, 0, 0, 0
130, -26.397, -7.847, 79.605, 0, 0, 0, 0
130, -23.936, -13.788, 79.605, 0, 0, 0, 0
130, -23.654, -14.294, 79.605, 0, 0, 0, 0
130, -19.735, -19.402, 79.605, 0, 0, 0, 0
130, -19.306, -19.891, 79.605, 0, 0, 0, 0
130, -19.04, -20.103, 79.605, 0, 0, 0, 0
130, -13.88, -24.062, 79.605, 0, 0, 0, 0
130, -13.641, -24.208, 79.605, 0, 0, 0, 0
130, -7.683, -26.676, 79.605, 0, 0, 0, 0
130, -7.004, -26.935, 79.605, 0, 0, 0, 0
130, 0.128, -27.866, 79.605, 0, 0, 0, 0
130, 0.394, -27.849, 79.605, 0, 0, 0, 0
130, 0.813, -27.767, 79.605, 0, 0, 0, 0
130, 7.191, -26.927, 79.605, 0, 0, 0, 0
130, 7.862, -26.664, 79.605, 0, 0, 0, 0
130, 13.781, -24.212, 79.605, 0, 0, 0, 0
130, 14.365, -23.798, 79.605, 0, 0, 0, 0
130, 19.477, -19.876, 79.605, 0, 0, 0, 0
130, 19.862, -19.445, 79.605, 0, 0, 0, 0
130, 23.786, -14.33, 79.605, 0, 0, 0, 0
130, 24.064, -13.852, 79.605, 0, 0, 0, 0
130, 26.525, -7.91, 79.605, 0, 0, 0, 0
130, 26.713, -7.352, 79.605, 0, 0, 0, 0
130, 26.791, -6.653, 79.605, 0, 0, 0, 0
130, 27.629, -0.292, 79.605, 0, 0, 0, 0
130, 27.566, 0.307, 79.605, 0, 0, 0, 0
130, 26.727, 6.678, 79.605, 0, 0, 0, 0
130, 26.554, 7.224, 79.605, 0, 0, 0, 0
130, 24.093, 13.165, 79.605, 0, 0, 0, 0
130, 23.811, 13.67, 79.605, 0, 0, 0, 0
130, 19.892, 18.778, 79.605, 0, 0, 0, 0
130, 19.473, 19.255, 79.605, 0, 0, 0, 0
130, 14.366, 23.173, 79.605, 0, 0, 0, 0
130, 13.778, 23.59, 79.605, 0, 0, 0, 0
130, 7.843, 26.048, 79.605, 0, 0, 0, 0
130, 7.172, 26.308, 79.605, 0, 0, 0, 0
130, 0.073, 27.236, 79.605, 0, 0, 0, 0
131, -7.043, 26.299, 80.215, 0, 0, 0, 0
131, -13.678, 23.555, 80.215, 0, 0, 0, 0
131, -19.38, 19.187, 80.215, 0, 0, 0, 0
131, -23.783, 13.463, 80.215, 0, 0, 0, 0
131, -26.536, 6.793, 80.215, 0, 0, 0, 0
131, -27.469, -0.312, 80.215, 0, 0, 0, 0
131, -26.533, -7.451, 80.215, 0, 0, 0, 0
131, -23.785, -14.085, 80.215, 0, 0, 0, 0
131, -19.416, -19.779, 80.215, 0, 0, 0, 0
131, -19.389, -19.806, 80.215, 0, 0, 0, 0
131, -13.673, -24.181, 80.215, 0, 0, 0, 0
131, -7.041, -26.923, 80.215, 0, 0, 0, 0
131, 0.101, -27.862, 80.215, 0, 0, 0, 0
131, 7.204, -26.922, 80.215, 0, 0, 0, 0
131, 13.835, -24.178, 80.215, 0, 0, 0, 0
131, 19.567, -19.788, 80.215, 0, 0, 0, 0
131, 23.94, -14.088, 80.215, 0, 0, 0, 0
131, 26.688, -7.452, 80.215, 0, 0, 0, 0
131, 27.626, -0.312, 80.215, 0, 0, 0, 0
131, 26.689, 6.827, 80.215, 0, 0, 0, 0
131, 23.942, 13.461, 80.215, 0, 0, 0, 0
131, 19.566, 19.165, 80.215, 0, 0, 0, 0
131, 13.834, 23.555, 80.215, 0, 0, 0, 0
131, 7.2, 26.299, 80.215, 0, 0, 0, 0
131, 0.078, 27.237, 80.215, 0, 0, 0, 0
131, -7.043, 26.299, 80.215, 0, 0, 0, 0
131, -13.678, 23.555, 80.215, 0, 0, 0, 0
131, -19.38, 19.187, 80.215, 0, 0, 0, 0
131, -23.783, 13.463, 80.215, 0, 0, 0, 0
131, -26.536, 6.793, 80.215, 0, 0, 0, 0
131, -27.469, -0.312, 80.215, 0, 0, 0, 0
131, -26.533, -7.451, 80.215, 0, 0, 0, 0
131, -23.785, -14.085, 80.215, 0, 0, 0, 0
131, -19.416, -19.779, 80.215, 0, 0, 0, 0
131, -19.389, -19.806, 80.215, 0, 0, 0, 0
131, -13.673, -24.181, 80.215, 0, 0, 0, 0
131, -7.041, -26.923, 80.215, 0, 0, 0, 0
131, 0.101, -27.862, 80.215, 0, 0, 0, 0
131, 7.204, -26.922, 80.215, 0, 0, 0, 0
131, 13.835, -24.178, 80.215, 0, 0, 0, 0
131, 19.567, -19.788, 80.215, 0, 0, 0, 0
131, 23.94, -14.088, 80.215, 0, 0, 0, 0
131, 26.688, -7.452, 80.215, 0, 0, 0, 0
131, 27.626, -0.312, 80.215, 0, 0, 0, 0
131, 26.689, 6.827, 80.215, 0, 0, 0, 0
131, 23.942, 13.461, 80.215, 0, 0, 0, 0
131, 19.566, 19.165, 80.215, 0, 0, 0, 0
131, 13.834, 23.555, 80.215, 0, 0, 0, 0
131, 7.2, 26.299, 80.215, 0, 0, 0, 0
131, 0.078, 27.237, 80.215, 0, 0, 0, 0
