##No.  X  Y  Z  Yaw  Pitch  Roll  Weld_En
28, -0.906, 14.621, 36.595, 0, 0, 0, 0
28, -1.737, 15.006, 36.595, 0, 0, 0, 0
28, -2.132, 15.132, 36.595, 0, 0, 0, 0
28, -6.402, 17.485, 36.595, 0, 0, 0, 0
28, -10.845, 18.832, 36.595, 0, 0, 0, 0
28, -10.901, 18.841, 36.595, 0, 0, 0, 0
28, -15.199, 19.185, 36.595, 0, 0, 0, 0
28, -15.522, 19.196, 36.595, 0, 0, 0, 0
28, -15.935, 19.155, 36.595, 0, 0, 0, 0
28, -19.834, 18.637, 36.595, 0, 0, 0, 0
28, -20.377, 18.508, 36.595, 0, 0, 0, 0
28, -21.139, 18.219, 36.595, 0, 0, 0, 0
28, -24.417, 17.039, 36.595, 0, 0, 0, 0
28, -25.209, 16.607, 36.595, 0, 0, 0, 0
28, -27.74, 15.03, 36.595, 0, 0, 0, 0
28, -28.583, 14.408, 36.595, 0, 0, 0, 0
28, -31.305, 11.747, 36.595, 0, 0, 0, 0
28, -32.081, 10.737, 36.595, 0, 0, 0, 0
28, -33.285, 8.86, 36.595, 0, 0, 0, 0
28, -33.988, 7.608, 36.595, 0, 0, 0, 0
28, -34.555, 6.149, 36.595, 0, 0, 0, 0
28, -35.218, 4.337, 36.595, 0, 0, 0, 0
28, -35.516, 3.007, 36.595, 0, 0, 0, 0
28, -35.629, 1.384, 36.595, 0, 0, 0, 0
28, -35.844, -0.479, 36.595, 0, 0, 0, 0
28, -35.742, -1.958, 36.595, 0, 0, 0, 0
28, -35.528, -3.801, 36.595, 0, 0, 0, 0
28, -35.224, -5.16, 36.595, 0, 0, 0, 0
28, -34.654, -6.622, 36.595, 0, 0, 0, 0
28, -33.976, -8.476, 36.595, 0, 0, 0, 0
28, -33.285, -9.707, 36.595, 0, 0, 0, 0
28, -32.081, -11.584, 36.595, 0, 0, 0, 0
28, -31.305, -12.594, 36.595, 0, 0, 0, 0
28, -28.583, -15.255, 36.595, 0, 0, 0, 0
28, -27.74, -15.877, 36.595, 0, 0, 0, 0
28, -25.208, -17.454, 36.595, 0, 0, 0, 0
28, -24.396, -17.898, 36.595, 0, 0, 0, 0
28, -23.616, -18.195, 36.595, 0, 0, 0, 0
28, -20.398, -19.351, 36.595, 0, 0, 0, 0
28, -19.877, -19.474, 36.595, 0, 0, 0, 0
28, -19.263, -19.533, 36.595, 0, 0, 0, 0
28, -15.479, -20.042, 36.595, 0, 0, 0, 0
28, -15.199, -20.033, 36.595, 0, 0, 0, 0
28, -10.901, -19.688, 36.595, 0, 0, 0, 0
28, -10.845, -19.679, 36.595, 0, 0, 0, 0
28, -6.401, -18.332, 36.595, 0, 0, 0, 0
28, -2.136, -15.981, 36.595, 0, 0, 0, 0
28, -1.638, -15.821, 36.595, 0, 0, 0, 0
28, -1.622, -15.815, 36.595, 0, 0, 0, 0
28, -0.788, -15.263, 36.595, 0, 0, 0, 0
28, 0.384, -15.59, 36.595, 0, 0, 0, 0
28, 1.398, -15.747, 36.595, 0, 0, 0, 0
28, 1.978, -16.161, 36.595, 0, 0, 0, 0
28, 5.916, -18.33, 36.595, 0, 0, 0, 0
28, 10.362, -19.678, 36.595, 0, 0, 0, 0
28, 10.418, -19.687, 36.595, 0, 0, 0, 0
28, 14.716, -20.033, 36.595, 0, 0, 0, 0
28, 15.037, -20.044, 36.595, 0, 0, 0, 0
28, 15.446, -20.004, 36.595, 0, 0, 0, 0
28, 19.345, -19.485, 36.595, 0, 0, 0, 0
28, 19.888, -19.357, 36.595, 0, 0, 0, 0
28, 20.651, -19.069, 36.595, 0, 0, 0, 0
28, 23.931, -17.89, 36.595, 0, 0, 0, 0
28, 24.719, -17.462, 36.595, 0, 0, 0, 0
28, 27.251, -15.887, 36.595, 0, 0, 0, 0
28, 28.082, -15.277, 36.595, 0, 0, 0, 0
28, 30.802, -12.615, 36.595, 0, 0, 0, 0
28, 31.587, -11.595, 36.595, 0, 0, 0, 0
28, 32.794, -9.717, 36.595, 0, 0, 0, 0
28, 33.504, -8.463, 36.595, 0, 0, 0, 0
28, 34.067, -7.036, 36.595, 0, 0, 0, 0
28, 34.729, -5.233, 36.595, 0, 0, 0, 0
28, 35.03, -3.913, 36.595, 0, 0, 0, 0
28, 35.15, -2.237, 36.595, 0, 0, 0, 0
28, 35.364, -0.371, 36.595, 0, 0, 0, 0
28, 35.255, 1.165, 36.595, 0, 0, 0, 0
28, 35.042, 3.015, 36.595, 0, 0, 0, 0
28, 34.736, 4.358, 36.595, 0, 0, 0, 0
28, 34.169, 5.793, 36.595, 0, 0, 0, 0
28, 33.49, 7.64, 36.595, 0, 0, 0, 0
28, 32.794, 8.87, 36.595, 0, 0, 0, 0
28, 31.587, 10.747, 36.595, 0, 0, 0, 0
28, 30.802, 11.767, 36.595, 0, 0, 0, 0
28, 28.082, 14.429, 36.595, 0, 0, 0, 0
28, 27.251, 15.039, 36.595, 0, 0, 0, 0
28, 24.719, 16.614, 36.595, 0, 0, 0, 0
28, 23.912, 17.052, 36.595, 0, 0, 0, 0
28, 23.128, 17.35, 36.595, 0, 0, 0, 0
28, 19.908, 18.505, 36.595, 0, 0, 0, 0
28, 19.39, 18.628, 36.595, 0, 0, 0, 0
28, 18.778, 18.685, 36.595, 0, 0, 0, 0
28, 14.994, 19.195, 36.595, 0, 0, 0, 0
28, 14.716, 19.186, 36.595, 0, 0, 0, 0
28, 10.418, 18.84, 36.595, 0, 0, 0, 0
28, 10.362, 18.83, 36.595, 0, 0, 0, 0
28, 5.916, 17.483, 36.595, 0, 0, 0, 0
28, 1.978, 15.314, 36.595, 0, 0, 0, 0
28, 1.394, 14.896, 36.595, 0, 0, 0, 0
28, 0.531, 14.765, 36.595, 0, 0, 0, 0
28, 0.191, 14.622, 36.595, 0, 0, 0, 0
29, -2.097, 15.618, 37.895, 0, 0, 0, 0
29, -5.253, 17.345, 37.895, 0, 0, 0, 0
29, -5.848, 17.646, 37.895, 0, 0, 0, 0
29, -10.319, 18.953, 37.895, 0, 0, 0, 0
29, -15.016, 19.315, 37.895, 0, 0, 0, 0
29, -19.53, 18.722, 37.895, 0, 0, 0, 0
29, -19.752, 18.67, 37.895, 0, 0, 0, 0
29, -23.99, 17.135, 37.895, 0, 0, 0, 0
29, -24.457, 16.88, 37.895, 0, 0, 0, 0
29, -27.491, 14.99, 37.895, 0, 0, 0, 0
29, -28.052, 14.576, 37.895, 0, 0, 0, 0
29, -30.941, 11.749, 37.895, 0, 0, 0, 0
29, -31.495, 11.027, 37.895, 0, 0, 0, 0
29, -33.019, 8.652, 37.895, 0, 0, 0, 0
29, -33.545, 7.714, 37.895, 0, 0, 0, 0
29, -33.976, 6.608, 37.895, 0, 0, 0, 0
29, -34.843, 4.238, 37.895, 0, 0, 0, 0
29, -35.065, 3.248, 37.895, 0, 0, 0, 0
29, -35.153, 1.982, 37.895, 0, 0, 0, 0
29, -35.437, -0.479, 37.895, 0, 0, 0, 0
29, -35.359, -1.608, 37.895, 0, 0, 0, 0
29, -35.077, -4.042, 37.895, 0, 0, 0, 0
29, -34.849, -5.061, 37.895, 0, 0, 0, 0
29, -34.407, -6.195, 37.895, 0, 0, 0, 0
29, -33.533, -8.583, 37.895, 0, 0, 0, 0
29, -33.019, -9.499, 37.895, 0, 0, 0, 0
29, -31.495, -11.874, 37.895, 0, 0, 0, 0
29, -30.941, -12.597, 37.895, 0, 0, 0, 0
29, -28.051, -15.424, 37.895, 0, 0, 0, 0
29, -27.491, -15.837, 37.895, 0, 0, 0, 0
29, -24.457, -17.727, 37.895, 0, 0, 0, 0
29, -23.971, -17.992, 37.895, 0, 0, 0, 0
29, -23.498, -18.173, 37.895, 0, 0, 0, 0
29, -19.755, -19.516, 37.895, 0, 0, 0, 0
29, -19.571, -19.56, 37.895, 0, 0, 0, 0
29, -19.261, -19.59, 37.895, 0, 0, 0, 0
29, -15.011, -20.162, 37.895, 0, 0, 0, 0
29, -10.319, -19.8, 37.895, 0, 0, 0, 0
29, -5.848, -18.493, 37.895, 0, 0, 0, 0
29, -5.233, -18.182, 37.895, 0, 0, 0, 0
29, -2.098, -16.466, 37.895, 0, 0, 0, 0
29, -0.302, -15.887, 37.895, 0, 0, 0, 0
29, 0.369, -16.121, 37.895, 0, 0, 0, 0
29, 1.439, -16.285, 37.895, 0, 0, 0, 0
29, 1.941, -16.645, 37.895, 0, 0, 0, 0
29, 4.765, -18.189, 37.895, 0, 0, 0, 0
29, 5.363, -18.491, 37.895, 0, 0, 0, 0
29, 9.835, -19.798, 37.895, 0, 0, 0, 0
29, 14.531, -20.162, 37.895, 0, 0, 0, 0
29, 19.044, -19.57, 37.895, 0, 0, 0, 0
29, 19.265, -19.518, 37.895, 0, 0, 0, 0
29, 23.506, -17.984, 37.895, 0, 0, 0, 0
29, 23.971, -17.732, 37.895, 0, 0, 0, 0
29, 27.004, -15.845, 37.895, 0, 0, 0, 0
29, 27.556, -15.44, 37.895, 0, 0, 0, 0
29, 30.443, -12.611, 37.895, 0, 0, 0, 0
29, 31.005, -11.881, 37.895, 0, 0, 0, 0
29, 32.531, -9.506, 37.895, 0, 0, 0, 0
29, 33.064, -8.566, 37.895, 0, 0, 0, 0
29, 33.49, -7.485, 37.895, 0, 0, 0, 0
29, 34.356, -5.127, 37.895, 0, 0, 0, 0
29, 34.58, -4.145, 37.895, 0, 0, 0, 0
29, 34.673, -2.838, 37.895, 0, 0, 0, 0
29, 34.957, -0.371, 37.895, 0, 0, 0, 0
29, 34.874, 0.804, 37.895, 0, 0, 0, 0
29, 34.592, 3.246, 37.895, 0, 0, 0, 0
29, 34.363, 4.252, 37.895, 0, 0, 0, 0
29, 33.923, 5.364, 37.895, 0, 0, 0, 0
29, 33.05, 7.743, 37.895, 0, 0, 0, 0
29, 32.531, 8.659, 37.895, 0, 0, 0, 0
29, 31.005, 11.033, 37.895, 0, 0, 0, 0
29, 30.443, 11.764, 37.895, 0, 0, 0, 0
29, 27.556, 14.593, 37.895, 0, 0, 0, 0
29, 27.004, 14.998, 37.895, 0, 0, 0, 0
29, 23.971, 16.885, 37.895, 0, 0, 0, 0
29, 23.489, 17.146, 37.895, 0, 0, 0, 0
29, 23.013, 17.327, 37.895, 0, 0, 0, 0
29, 19.268, 18.67, 37.895, 0, 0, 0, 0
29, 19.087, 18.713, 37.895, 0, 0, 0, 0
29, 18.778, 18.742, 37.895, 0, 0, 0, 0
29, 14.527, 19.315, 37.895, 0, 0, 0, 0
29, 9.836, 18.951, 37.895, 0, 0, 0, 0
29, 5.363, 17.644, 37.895, 0, 0, 0, 0
29, 4.771, 17.345, 37.895, 0, 0, 0, 0
29, 1.938, 15.796, 37.895, 0, 0, 0, 0
29, 1.434, 15.436, 37.895, 0, 0, 0, 0
29, 0.367, 15.273, 37.895, 0, 0, 0, 0
29, -0.302, 15.04, 37.895, 0, 0, 0, 0
30, -2.076, 16.111, 39.195, 0, 0, 0, 0
30, -3.718, 17.01, 39.195, 0, 0, 0, 0
30, -5.377, 17.85, 39.195, 0, 0, 0, 0
30, -9.457, 19.043, 39.195, 0, 0, 0, 0
30, -9.837, 19.143, 39.195, 0, 0, 0, 0
30, -14.504, 19.459, 39.195, 0, 0, 0, 0
30, -16.542, 19.165, 39.195, 0, 0, 0, 0
30, -19.162, 18.817, 39.195, 0, 0, 0, 0
30, -23.567, 17.229, 39.195, 0, 0, 0, 0
30, -23.706, 17.153, 39.195, 0, 0, 0, 0
30, -27.242, 14.95, 39.195, 0, 0, 0, 0
30, -27.52, 14.745, 39.195, 0, 0, 0, 0
30, -30.576, 11.752, 39.195, 0, 0, 0, 0
30, -30.91, 11.317, 39.195, 0, 0, 0, 0
30, -32.753, 8.444, 39.195, 0, 0, 0, 0
30, -33.103, 7.821, 39.195, 0, 0, 0, 0
30, -33.396, 7.067, 39.195, 0, 0, 0, 0
30, -34.468, 4.139, 39.195, 0, 0, 0, 0
30, -34.614, 3.489, 39.195, 0, 0, 0, 0
30, -34.677, 2.581, 39.195, 0, 0, 0, 0
30, -35.03, -0.479, 39.195, 0, 0, 0, 0
30, -34.976, -1.258, 39.195, 0, 0, 0, 0
30, -34.626, -4.282, 39.195, 0, 0, 0, 0
30, -34.473, -4.962, 39.195, 0, 0, 0, 0
30, -34.16, -5.767, 39.195, 0, 0, 0, 0
30, -33.091, -8.69, 39.195, 0, 0, 0, 0
30, -32.753, -9.292, 39.195, 0, 0, 0, 0
30, -30.91, -12.164, 39.195, 0, 0, 0, 0
30, -30.576, -12.599, 39.195, 0, 0, 0, 0
30, -27.52, -15.592, 39.195, 0, 0, 0, 0
30, -27.242, -15.797, 39.195, 0, 0, 0, 0
30, -23.706, -18.0, 39.195, 0, 0, 0, 0
30, -23.566, -18.076, 39.195, 0, 0, 0, 0
30, -19.162, -19.664, 39.195, 0, 0, 0, 0
30, -16.543, -20.012, 39.195, 0, 0, 0, 0
30, -14.503, -20.307, 39.195, 0, 0, 0, 0
30, -9.836, -19.99, 39.195, 0, 0, 0, 0
30, -9.456, -19.89, 39.195, 0, 0, 0, 0
30, -5.329, -18.683, 39.195, 0, 0, 0, 0
30, -5.307, -18.673, 39.195, 0, 0, 0, 0
30, -3.68, -17.837, 39.195, 0, 0, 0, 0
30, -2.077, -16.96, 39.195, 0, 0, 0, 0
30, -0.28, -16.35, 39.195, 0, 0, 0, 0
30, 0.77, -16.716, 39.195, 0, 0, 0, 0
30, 1.485, -16.825, 39.195, 0, 0, 0, 0
30, 1.908, -17.132, 39.195, 0, 0, 0, 0
30, 3.235, -17.857, 39.195, 0, 0, 0, 0
30, 4.821, -18.67, 39.195, 0, 0, 0, 0
30, 4.845, -18.681, 39.195, 0, 0, 0, 0
30, 8.973, -19.889, 39.195, 0, 0, 0, 0
30, 9.353, -19.988, 39.195, 0, 0, 0, 0
30, 14.02, -20.307, 39.195, 0, 0, 0, 0
30, 16.062, -20.012, 39.195, 0, 0, 0, 0
30, 18.678, -19.664, 39.195, 0, 0, 0, 0
30, 23.085, -18.077, 39.195, 0, 0, 0, 0
30, 23.223, -18.002, 39.195, 0, 0, 0, 0
30, 26.758, -15.803, 39.195, 0, 0, 0, 0
30, 27.029, -15.604, 39.195, 0, 0, 0, 0
30, 30.084, -12.608, 39.195, 0, 0, 0, 0
30, 30.423, -12.167, 39.195, 0, 0, 0, 0
30, 32.268, -9.295, 39.195, 0, 0, 0, 0
30, 32.623, -8.669, 39.195, 0, 0, 0, 0
30, 32.912, -7.935, 39.195, 0, 0, 0, 0
30, 33.983, -5.021, 39.195, 0, 0, 0, 0
30, 34.13, -4.376, 39.195, 0, 0, 0, 0
30, 34.197, -3.439, 39.195, 0, 0, 0, 0
30, 34.55, -0.371, 39.195, 0, 0, 0, 0
30, 34.492, 0.443, 39.195, 0, 0, 0, 0
30, 34.142, 3.477, 39.195, 0, 0, 0, 0
30, 33.99, 4.146, 39.195, 0, 0, 0, 0
30, 33.678, 4.936, 39.195, 0, 0, 0, 0
30, 32.609, 7.846, 39.195, 0, 0, 0, 0
30, 32.268, 8.448, 39.195, 0, 0, 0, 0
30, 30.423, 11.319, 39.195, 0, 0, 0, 0
30, 30.084, 11.76, 39.195, 0, 0, 0, 0
30, 27.029, 14.757, 39.195, 0, 0, 0, 0
30, 26.758, 14.956, 39.195, 0, 0, 0, 0
30, 23.223, 17.155, 39.195, 0, 0, 0, 0
30, 23.067, 17.24, 39.195, 0, 0, 0, 0
30, 22.898, 17.304, 39.195, 0, 0, 0, 0
30, 18.679, 18.817, 39.195, 0, 0, 0, 0
30, 16.062, 19.165, 39.195, 0, 0, 0, 0
30, 14.021, 19.46, 39.195, 0, 0, 0, 0
30, 9.353, 19.141, 39.195, 0, 0, 0, 0
30, 8.974, 19.042, 39.195, 0, 0, 0, 0
30, 4.892, 17.848, 39.195, 0, 0, 0, 0
30, 3.243, 17.014, 39.195, 0, 0, 0, 0
30, 1.901, 16.28, 39.195, 0, 0, 0, 0
30, 1.474, 15.975, 39.195, 0, 0, 0, 0
30, 0.765, 15.867, 39.195, 0, 0, 0, 0
30, -0.28, 15.503, 39.195, 0, 0, 0, 0
31, -2.025, 16.594, 40.495, 0, 0, 0, 0
31, -4.725, 17.979, 40.495, 0, 0, 0, 0
31, -4.857, 18.039, 40.495, 0, 0, 0, 0
31, -8.429, 19.084, 40.495, 0, 0, 0, 0
31, -9.399, 19.338, 40.495, 0, 0, 0, 0
31, -13.509, 19.622, 40.495, 0, 0, 0, 0
31, -14.054, 19.644, 40.495, 0, 0, 0, 0
31, -18.704, 18.964, 40.495, 0, 0, 0, 0
31, -23.069, 17.352, 40.495, 0, 0, 0, 0
31, -26.99, 14.912, 40.495, 0, 0, 0, 0
31, -30.212, 11.754, 40.495, 0, 0, 0, 0
31, -30.325, 11.607, 40.495, 0, 0, 0, 0
31, -32.487, 8.236, 40.495, 0, 0, 0, 0
31, -32.661, 7.928, 40.495, 0, 0, 0, 0
31, -32.817, 7.527, 40.495, 0, 0, 0, 0
31, -34.093, 4.041, 40.495, 0, 0, 0, 0
31, -34.163, 3.73, 40.495, 0, 0, 0, 0
31, -34.201, 3.18, 40.495, 0, 0, 0, 0
31, -34.623, -0.479, 40.495, 0, 0, 0, 0
31, -34.593, -0.908, 40.495, 0, 0, 0, 0
31, -34.175, -4.523, 40.495, 0, 0, 0, 0
31, -34.098, -4.864, 40.495, 0, 0, 0, 0
31, -33.913, -5.339, 40.495, 0, 0, 0, 0
31, -32.649, -8.796, 40.495, 0, 0, 0, 0
31, -32.487, -9.084, 40.495, 0, 0, 0, 0
31, -30.325, -12.455, 40.495, 0, 0, 0, 0
31, -30.212, -12.602, 40.495, 0, 0, 0, 0
31, -26.99, -15.759, 40.495, 0, 0, 0, 0
31, -23.069, -18.199, 40.495, 0, 0, 0, 0
31, -18.703, -19.811, 40.495, 0, 0, 0, 0
31, -14.054, -20.491, 40.495, 0, 0, 0, 0
31, -13.509, -20.469, 40.495, 0, 0, 0, 0
31, -9.399, -20.185, 40.495, 0, 0, 0, 0
31, -8.428, -19.931, 40.495, 0, 0, 0, 0
31, -4.857, -18.886, 40.495, 0, 0, 0, 0
31, -4.706, -18.817, 40.495, 0, 0, 0, 0
31, -2.024, -17.439, 40.495, 0, 0, 0, 0
31, -0.255, -16.814, 40.495, 0, 0, 0, 0
31, 1.534, -17.437, 40.495, 0, 0, 0, 0
31, 4.221, -18.815, 40.495, 0, 0, 0, 0
31, 4.374, -18.885, 40.495, 0, 0, 0, 0
31, 7.945, -19.929, 40.495, 0, 0, 0, 0
31, 8.916, -20.184, 40.495, 0, 0, 0, 0
31, 13.027, -20.469, 40.495, 0, 0, 0, 0
31, 13.571, -20.492, 40.495, 0, 0, 0, 0
31, 18.221, -19.811, 40.495, 0, 0, 0, 0
31, 22.588, -18.2, 40.495, 0, 0, 0, 0
31, 26.506, -15.765, 40.495, 0, 0, 0, 0
31, 29.724, -12.604, 40.495, 0, 0, 0, 0
31, 29.841, -12.452, 40.495, 0, 0, 0, 0
31, 32.005, -9.084, 40.495, 0, 0, 0, 0
31, 32.182, -8.772, 40.495, 0, 0, 0, 0
31, 32.335, -8.384, 40.495, 0, 0, 0, 0
31, 33.61, -4.915, 40.495, 0, 0, 0, 0
31, 33.68, -4.607, 40.495, 0, 0, 0, 0
31, 33.721, -4.04, 40.495, 0, 0, 0, 0
31, 34.143, -0.371, 40.495, 0, 0, 0, 0
31, 34.111, 0.082, 40.495, 0, 0, 0, 0
31, 33.692, 3.709, 40.495, 0, 0, 0, 0
31, 33.617, 4.04, 40.495, 0, 0, 0, 0
31, 33.432, 4.507, 40.495, 0, 0, 0, 0
31, 32.168, 7.949, 40.495, 0, 0, 0, 0
31, 32.005, 8.237, 40.495, 0, 0, 0, 0
31, 29.841, 11.605, 40.495, 0, 0, 0, 0
31, 29.724, 11.757, 40.495, 0, 0, 0, 0
31, 26.506, 14.918, 40.495, 0, 0, 0, 0
31, 22.588, 17.352, 40.495, 0, 0, 0, 0
31, 18.221, 18.964, 40.495, 0, 0, 0, 0
31, 13.571, 19.645, 40.495, 0, 0, 0, 0
31, 13.027, 19.622, 40.495, 0, 0, 0, 0
31, 8.917, 19.337, 40.495, 0, 0, 0, 0
31, 7.946, 19.082, 40.495, 0, 0, 0, 0
31, 4.374, 18.037, 40.495, 0, 0, 0, 0
31, 4.24, 17.976, 40.495, 0, 0, 0, 0
31, 1.53, 16.589, 40.495, 0, 0, 0, 0
31, -0.258, 15.966, 40.495, 0, 0, 0, 0
32, -1.438, 16.869, 41.795, 0, 0, 0, 0
32, -1.781, 16.921, 41.795, 0, 0, 0, 0
32, -4.131, 18.127, 41.795, 0, 0, 0, 0
32, -4.386, 18.243, 41.795, 0, 0, 0, 0
32, -7.401, 19.124, 41.795, 0, 0, 0, 0
32, -8.961, 19.534, 41.795, 0, 0, 0, 0
32, -12.491, 19.777, 41.795, 0, 0, 0, 0
32, -13.641, 19.824, 41.795, 0, 0, 0, 0
32, -17.559, 19.259, 41.795, 0, 0, 0, 0
32, -18.279, 19.136, 41.795, 0, 0, 0, 0
32, -22.359, 17.621, 41.795, 0, 0, 0, 0
32, -22.645, 17.507, 41.795, 0, 0, 0, 0
32, -26.55, 15.015, 41.795, 0, 0, 0, 0
32, -28.204, 13.368, 41.795, 0, 0, 0, 0
32, -29.776, 11.827, 41.795, 0, 0, 0, 0
32, -32.21, 8.046, 41.795, 0, 0, 0, 0
32, -33.712, 3.956, 41.795, 0, 0, 0, 0
32, -33.725, 3.779, 41.795, 0, 0, 0, 0
32, -34.216, -0.479, 41.795, 0, 0, 0, 0
32, -34.21, -0.558, 41.795, 0, 0, 0, 0
32, -33.723, -4.764, 41.795, 0, 0, 0, 0
32, -33.666, -4.912, 41.795, 0, 0, 0, 0
32, -32.209, -8.895, 41.795, 0, 0, 0, 0
32, -29.776, -12.674, 41.795, 0, 0, 0, 0
32, -28.204, -14.215, 41.795, 0, 0, 0, 0
32, -26.55, -15.863, 41.795, 0, 0, 0, 0
32, -22.645, -18.355, 41.795, 0, 0, 0, 0
32, -22.359, -18.469, 41.795, 0, 0, 0, 0
32, -18.278, -19.983, 41.795, 0, 0, 0, 0
32, -17.558, -20.106, 41.795, 0, 0, 0, 0
32, -13.641, -20.672, 41.795, 0, 0, 0, 0
32, -12.49, -20.624, 41.795, 0, 0, 0, 0
32, -8.96, -20.381, 41.795, 0, 0, 0, 0
32, -7.399, -19.971, 41.795, 0, 0, 0, 0
32, -4.385, -19.09, 41.795, 0, 0, 0, 0
32, -4.105, -18.962, 41.795, 0, 0, 0, 0
32, -1.784, -17.769, 41.795, 0, 0, 0, 0
32, -1.434, -17.715, 41.795, 0, 0, 0, 0
32, -0.229, -17.287, 41.795, 0, 0, 0, 0
32, 1.487, -17.866, 41.795, 0, 0, 0, 0
32, 3.621, -18.96, 41.795, 0, 0, 0, 0
32, 3.903, -19.088, 41.795, 0, 0, 0, 0
32, 6.917, -19.97, 41.795, 0, 0, 0, 0
32, 8.478, -20.38, 41.795, 0, 0, 0, 0
32, 12.008, -20.625, 41.795, 0, 0, 0, 0
32, 13.158, -20.672, 41.795, 0, 0, 0, 0
32, 17.075, -20.106, 41.795, 0, 0, 0, 0
32, 17.796, -19.983, 41.795, 0, 0, 0, 0
32, 21.878, -18.469, 41.795, 0, 0, 0, 0
32, 22.165, -18.355, 41.795, 0, 0, 0, 0
32, 26.055, -15.88, 41.795, 0, 0, 0, 0
32, 27.721, -14.216, 41.795, 0, 0, 0, 0
32, 29.318, -12.647, 41.795, 0, 0, 0, 0
32, 31.731, -8.891, 41.795, 0, 0, 0, 0
32, 33.232, -4.824, 41.795, 0, 0, 0, 0
32, 33.245, -4.641, 41.795, 0, 0, 0, 0
32, 33.736, -0.371, 41.795, 0, 0, 0, 0
32, 33.729, -0.279, 41.795, 0, 0, 0, 0
32, 33.242, 3.94, 41.795, 0, 0, 0, 0
32, 33.238, 3.961, 41.795, 0, 0, 0, 0
32, 31.731, 8.043, 41.795, 0, 0, 0, 0
32, 29.293, 11.823, 41.795, 0, 0, 0, 0
32, 27.721, 13.369, 41.795, 0, 0, 0, 0
32, 26.056, 15.032, 41.795, 0, 0, 0, 0
32, 22.165, 17.508, 41.795, 0, 0, 0, 0
32, 21.878, 17.622, 41.795, 0, 0, 0, 0
32, 17.796, 19.135, 41.795, 0, 0, 0, 0
32, 17.075, 19.259, 41.795, 0, 0, 0, 0
32, 13.158, 19.825, 41.795, 0, 0, 0, 0
32, 12.008, 19.777, 41.795, 0, 0, 0, 0
32, 8.479, 19.533, 41.795, 0, 0, 0, 0
32, 6.919, 19.123, 41.795, 0, 0, 0, 0
32, 3.903, 18.241, 41.795, 0, 0, 0, 0
32, 3.647, 18.125, 41.795, 0, 0, 0, 0
32, 1.486, 17.018, 41.795, 0, 0, 0, 0
32, -0.23, 16.44, 41.795, 0, 0, 0, 0
33, -1.219, 17.275, 43.095, 0, 0, 0, 0
33, -1.745, 17.355, 43.095, 0, 0, 0, 0
33, -3.537, 18.275, 43.095, 0, 0, 0, 0
33, -3.914, 18.446, 43.095, 0, 0, 0, 0
33, -6.372, 19.165, 43.095, 0, 0, 0, 0
33, -8.522, 19.729, 43.095, 0, 0, 0, 0
33, -11.472, 19.932, 43.095, 0, 0, 0, 0
33, -13.226, 20.005, 43.095, 0, 0, 0, 0
33, -16.552, 19.524, 43.095, 0, 0, 0, 0
33, -17.883, 19.297, 43.095, 0, 0, 0, 0
33, -21.392, 17.995, 43.095, 0, 0, 0, 0
33, -22.266, 17.646, 43.095, 0, 0, 0, 0
33, -25.707, 15.454, 43.095, 0, 0, 0, 0
33, -26.164, 15.148, 43.095, 0, 0, 0, 0
33, -29.245, 12.079, 43.095, 0, 0, 0, 0
33, -29.39, 11.928, 43.095, 0, 0, 0, 0
33, -31.815, 8.091, 43.095, 0, 0, 0, 0
33, -33.3, 3.984, 43.095, 0, 0, 0, 0
33, -33.803, -0.424, 43.095, 0, 0, 0, 0
33, -33.3, -4.831, 43.095, 0, 0, 0, 0
33, -31.815, -8.938, 43.095, 0, 0, 0, 0
33, -29.402, -12.757, 43.095, 0, 0, 0, 0
33, -26.161, -15.997, 43.095, 0, 0, 0, 0
33, -25.707, -16.301, 43.095, 0, 0, 0, 0
33, -22.265, -18.494, 43.095, 0, 0, 0, 0
33, -21.392, -18.842, 43.095, 0, 0, 0, 0
33, -17.882, -20.144, 43.095, 0, 0, 0, 0
33, -16.551, -20.372, 43.095, 0, 0, 0, 0
33, -13.225, -20.852, 43.095, 0, 0, 0, 0
33, -11.471, -20.78, 43.095, 0, 0, 0, 0
33, -8.522, -20.576, 43.095, 0, 0, 0, 0
33, -6.37, -20.011, 43.095, 0, 0, 0, 0
33, -3.914, -19.293, 43.095, 0, 0, 0, 0
33, -3.504, -19.106, 43.095, 0, 0, 0, 0
33, -1.748, -18.204, 43.095, 0, 0, 0, 0
33, -1.216, -18.122, 43.095, 0, 0, 0, 0
33, -0.175, -17.752, 43.095, 0, 0, 0, 0
33, 1.011, -18.165, 43.095, 0, 0, 0, 0
33, 1.382, -18.265, 43.095, 0, 0, 0, 0
33, 3.021, -19.104, 43.095, 0, 0, 0, 0
33, 3.432, -19.292, 43.095, 0, 0, 0, 0
33, 5.889, -20.011, 43.095, 0, 0, 0, 0
33, 8.04, -20.575, 43.095, 0, 0, 0, 0
33, 10.99, -20.78, 43.095, 0, 0, 0, 0
33, 12.743, -20.852, 43.095, 0, 0, 0, 0
33, 16.069, -20.372, 43.095, 0, 0, 0, 0
33, 17.401, -20.144, 43.095, 0, 0, 0, 0
33, 20.911, -18.843, 43.095, 0, 0, 0, 0
33, 21.785, -18.494, 43.095, 0, 0, 0, 0
33, 25.226, -16.305, 43.095, 0, 0, 0, 0
33, 25.679, -16.002, 43.095, 0, 0, 0, 0
33, 28.921, -12.752, 43.095, 0, 0, 0, 0
33, 31.336, -8.935, 43.095, 0, 0, 0, 0
33, 32.82, -4.849, 43.095, 0, 0, 0, 0
33, 33.323, -0.424, 43.095, 0, 0, 0, 0
33, 32.82, 4.001, 43.095, 0, 0, 0, 0
33, 31.336, 8.088, 43.095, 0, 0, 0, 0
33, 28.921, 11.905, 43.095, 0, 0, 0, 0
33, 25.679, 15.155, 43.095, 0, 0, 0, 0
33, 25.226, 15.458, 43.095, 0, 0, 0, 0
33, 21.785, 17.647, 43.095, 0, 0, 0, 0
33, 20.911, 17.995, 43.095, 0, 0, 0, 0
33, 17.401, 19.297, 43.095, 0, 0, 0, 0
33, 16.069, 19.524, 43.095, 0, 0, 0, 0
33, 12.743, 20.005, 43.095, 0, 0, 0, 0
33, 10.99, 19.933, 43.095, 0, 0, 0, 0
33, 8.041, 19.728, 43.095, 0, 0, 0, 0
33, 5.891, 19.164, 43.095, 0, 0, 0, 0
33, 3.432, 18.445, 43.095, 0, 0, 0, 0
33, 3.054, 18.273, 43.095, 0, 0, 0, 0
33, 1.377, 17.414, 43.095, 0, 0, 0, 0
33, 1.007, 17.317, 43.095, 0, 0, 0, 0
33, -0.176, 16.905, 43.095, 0, 0, 0, 0
34, -1.0, 17.682, 44.395, 0, 0, 0, 0
34, -1.709, 17.789, 44.395, 0, 0, 0, 0
34, -2.943, 18.422, 44.395, 0, 0, 0, 0
34, -3.443, 18.65, 44.395, 0, 0, 0, 0
34, -5.344, 19.206, 44.395, 0, 0, 0, 0
34, -8.083, 19.924, 44.395, 0, 0, 0, 0
34, -10.453, 20.088, 44.395, 0, 0, 0, 0
34, -12.81, 20.185, 44.395, 0, 0, 0, 0
34, -15.544, 19.79, 44.395, 0, 0, 0, 0
34, -17.487, 19.458, 44.395, 0, 0, 0, 0
34, -20.425, 18.368, 44.395, 0, 0, 0, 0
34, -21.885, 17.786, 44.395, 0, 0, 0, 0
34, -24.807, 15.924, 44.395, 0, 0, 0, 0
34, -25.795, 15.263, 44.395, 0, 0, 0, 0
34, -28.439, 12.63, 44.395, 0, 0, 0, 0
34, -29.032, 12.015, 44.395, 0, 0, 0, 0
34, -31.138, 8.686, 44.395, 0, 0, 0, 0
34, -31.455, 8.168, 44.395, 0, 0, 0, 0
34, -32.951, 4.014, 44.395, 0, 0, 0, 0
34, -33.412, -0.035, 44.395, 0, 0, 0, 0
34, -33.44, -0.384, 44.395, 0, 0, 0, 0
34, -33.094, -3.407, 44.395, 0, 0, 0, 0
34, -32.944, -4.888, 44.395, 0, 0, 0, 0
34, -32.812, -5.269, 44.395, 0, 0, 0, 0
34, -31.456, -9.014, 44.395, 0, 0, 0, 0
34, -31.138, -9.533, 44.395, 0, 0, 0, 0
34, -29.031, -12.863, 44.395, 0, 0, 0, 0
34, -28.439, -13.477, 44.395, 0, 0, 0, 0
34, -25.795, -16.11, 44.395, 0, 0, 0, 0
34, -24.807, -16.772, 44.395, 0, 0, 0, 0
34, -21.885, -18.633, 44.395, 0, 0, 0, 0
34, -20.424, -19.215, 44.395, 0, 0, 0, 0
34, -17.486, -20.306, 44.395, 0, 0, 0, 0
34, -15.544, -20.637, 44.395, 0, 0, 0, 0
34, -12.81, -21.032, 44.395, 0, 0, 0, 0
34, -10.453, -20.935, 44.395, 0, 0, 0, 0
34, -8.083, -20.771, 44.395, 0, 0, 0, 0
34, -5.341, -20.052, 44.395, 0, 0, 0, 0
34, -3.442, -19.497, 44.395, 0, 0, 0, 0
34, -2.904, -19.251, 44.395, 0, 0, 0, 0
34, -1.712, -18.638, 44.395, 0, 0, 0, 0
34, -0.999, -18.529, 44.395, 0, 0, 0, 0
34, -0.134, -18.221, 44.395, 0, 0, 0, 0
34, 0.871, -18.572, 44.395, 0, 0, 0, 0
34, 1.347, -18.699, 44.395, 0, 0, 0, 0
34, 2.42, -19.249, 44.395, 0, 0, 0, 0
34, 2.961, -19.495, 44.395, 0, 0, 0, 0
34, 4.861, -20.051, 44.395, 0, 0, 0, 0
34, 7.602, -20.771, 44.395, 0, 0, 0, 0
34, 9.972, -20.935, 44.395, 0, 0, 0, 0
34, 12.328, -21.032, 44.395, 0, 0, 0, 0
34, 15.062, -20.637, 44.395, 0, 0, 0, 0
34, 17.005, -20.305, 44.395, 0, 0, 0, 0
34, 19.943, -19.216, 44.395, 0, 0, 0, 0
34, 21.405, -18.634, 44.395, 0, 0, 0, 0
34, 24.326, -16.775, 44.395, 0, 0, 0, 0
34, 25.313, -16.115, 44.395, 0, 0, 0, 0
34, 27.957, -13.474, 44.395, 0, 0, 0, 0
34, 28.551, -12.857, 44.395, 0, 0, 0, 0
34, 30.659, -9.531, 44.395, 0, 0, 0, 0
34, 30.976, -9.014, 44.395, 0, 0, 0, 0
34, 32.471, -4.878, 44.395, 0, 0, 0, 0
34, 32.932, -0.814, 44.395, 0, 0, 0, 0
34, 32.96, -0.463, 44.395, 0, 0, 0, 0
34, 32.614, 2.573, 44.395, 0, 0, 0, 0
34, 32.466, 4.045, 44.395, 0, 0, 0, 0
34, 30.976, 8.166, 44.395, 0, 0, 0, 0
34, 30.659, 8.684, 44.395, 0, 0, 0, 0
34, 28.551, 12.01, 44.395, 0, 0, 0, 0
34, 27.957, 12.627, 44.395, 0, 0, 0, 0
34, 25.313, 15.268, 44.395, 0, 0, 0, 0
34, 24.326, 15.928, 44.395, 0, 0, 0, 0
34, 21.405, 17.786, 44.395, 0, 0, 0, 0
34, 19.944, 18.368, 44.395, 0, 0, 0, 0
34, 17.005, 19.458, 44.395, 0, 0, 0, 0
34, 15.062, 19.79, 44.395, 0, 0, 0, 0
34, 12.329, 20.185, 44.395, 0, 0, 0, 0
34, 9.972, 20.088, 44.395, 0, 0, 0, 0
34, 7.602, 19.924, 44.395, 0, 0, 0, 0
34, 4.863, 19.205, 44.395, 0, 0, 0, 0
34, 2.961, 18.648, 44.395, 0, 0, 0, 0
34, 2.46, 18.421, 44.395, 0, 0, 0, 0
34, 1.342, 17.848, 44.395, 0, 0, 0, 0
34, 0.866, 17.723, 44.395, 0, 0, 0, 0
34, -0.135, 17.374, 44.395, 0, 0, 0, 0
35, -0.781, 18.088, 45.695, 0, 0, 0, 0
35, -1.673, 18.223, 45.695, 0, 0, 0, 0
35, -2.35, 18.57, 45.695, 0, 0, 0, 0
35, -2.971, 18.853, 45.695, 0, 0, 0, 0
35, -4.316, 19.246, 45.695, 0, 0, 0, 0
35, -7.645, 20.12, 45.695, 0, 0, 0, 0
35, -9.434, 20.243, 45.695, 0, 0, 0, 0
35, -12.395, 20.365, 45.695, 0, 0, 0, 0
35, -14.537, 20.055, 45.695, 0, 0, 0, 0
35, -17.091, 19.619, 45.695, 0, 0, 0, 0
35, -19.457, 18.741, 45.695, 0, 0, 0, 0
35, -21.505, 17.925, 45.695, 0, 0, 0, 0
35, -23.907, 16.395, 45.695, 0, 0, 0, 0
35, -25.427, 15.377, 45.695, 0, 0, 0, 0
35, -27.634, 13.18, 45.695, 0, 0, 0, 0
35, -28.672, 12.103, 45.695, 0, 0, 0, 0
35, -30.45, 9.294, 45.695, 0, 0, 0, 0
35, -31.104, 8.227, 45.695, 0, 0, 0, 0
35, -32.255, 5.047, 45.695, 0, 0, 0, 0
35, -32.6, 4.055, 45.695, 0, 0, 0, 0
35, -32.994, 0.595, 45.695, 0, 0, 0, 0
35, -33.073, -0.384, 45.695, 0, 0, 0, 0
35, -32.903, -1.87, 45.695, 0, 0, 0, 0
35, -32.711, -3.896, 45.695, 0, 0, 0, 0
35, -32.599, -4.905, 45.695, 0, 0, 0, 0
35, -32.255, -5.894, 45.695, 0, 0, 0, 0
35, -31.104, -9.074, 45.695, 0, 0, 0, 0
35, -30.449, -10.142, 45.695, 0, 0, 0, 0
35, -28.672, -12.95, 45.695, 0, 0, 0, 0
35, -27.633, -14.027, 45.695, 0, 0, 0, 0
35, -25.427, -16.225, 45.695, 0, 0, 0, 0
35, -23.907, -17.242, 45.695, 0, 0, 0, 0
35, -21.505, -18.772, 45.695, 0, 0, 0, 0
35, -19.456, -19.589, 45.695, 0, 0, 0, 0
35, -17.09, -20.467, 45.695, 0, 0, 0, 0
35, -14.537, -20.903, 45.695, 0, 0, 0, 0
35, -12.395, -21.212, 45.695, 0, 0, 0, 0
35, -9.434, -21.09, 45.695, 0, 0, 0, 0
35, -7.645, -20.967, 45.695, 0, 0, 0, 0
35, -4.312, -20.092, 45.695, 0, 0, 0, 0
35, -2.971, -19.7, 45.695, 0, 0, 0, 0
35, -2.303, -19.395, 45.695, 0, 0, 0, 0
35, -1.676, -19.073, 45.695, 0, 0, 0, 0
35, -0.781, -18.936, 45.695, 0, 0, 0, 0
35, -0.167, -18.717, 45.695, 0, 0, 0, 0
35, 1.329, -19.142, 45.695, 0, 0, 0, 0
35, 1.82, -19.394, 45.695, 0, 0, 0, 0
35, 2.49, -19.699, 45.695, 0, 0, 0, 0
35, 3.833, -20.092, 45.695, 0, 0, 0, 0
35, 7.164, -20.966, 45.695, 0, 0, 0, 0
35, 8.954, -21.09, 45.695, 0, 0, 0, 0
35, 11.913, -21.212, 45.695, 0, 0, 0, 0
35, 14.056, -20.903, 45.695, 0, 0, 0, 0
35, 16.609, -20.466, 45.695, 0, 0, 0, 0
35, 18.976, -19.589, 45.695, 0, 0, 0, 0
35, 21.025, -18.773, 45.695, 0, 0, 0, 0
35, 23.427, -17.244, 45.695, 0, 0, 0, 0
35, 24.945, -16.229, 45.695, 0, 0, 0, 0
35, 27.151, -14.026, 45.695, 0, 0, 0, 0
35, 28.192, -12.945, 45.695, 0, 0, 0, 0
35, 29.97, -10.139, 45.695, 0, 0, 0, 0
35, 30.625, -9.072, 45.695, 0, 0, 0, 0
35, 31.775, -5.905, 45.695, 0, 0, 0, 0
35, 32.12, -4.918, 45.695, 0, 0, 0, 0
35, 32.514, -1.446, 45.695, 0, 0, 0, 0
35, 32.593, -0.463, 45.695, 0, 0, 0, 0
35, 32.423, 1.03, 45.695, 0, 0, 0, 0
35, 32.231, 3.064, 45.695, 0, 0, 0, 0
35, 32.119, 4.074, 45.695, 0, 0, 0, 0
35, 31.775, 5.058, 45.695, 0, 0, 0, 0
35, 30.625, 8.225, 45.695, 0, 0, 0, 0
35, 29.97, 9.292, 45.695, 0, 0, 0, 0
35, 28.192, 12.098, 45.695, 0, 0, 0, 0
35, 27.151, 13.178, 45.695, 0, 0, 0, 0
35, 24.945, 15.382, 45.695, 0, 0, 0, 0
35, 23.427, 16.397, 45.695, 0, 0, 0, 0
35, 21.025, 17.925, 45.695, 0, 0, 0, 0
35, 18.976, 18.741, 45.695, 0, 0, 0, 0
35, 16.61, 19.619, 45.695, 0, 0, 0, 0
35, 14.056, 20.056, 45.695, 0, 0, 0, 0
35, 11.914, 20.365, 45.695, 0, 0, 0, 0
35, 8.954, 20.243, 45.695, 0, 0, 0, 0
35, 7.164, 20.119, 45.695, 0, 0, 0, 0
35, 3.836, 19.246, 45.695, 0, 0, 0, 0
35, 2.491, 18.852, 45.695, 0, 0, 0, 0
35, 1.867, 18.569, 45.695, 0, 0, 0, 0
35, 1.325, 18.291, 45.695, 0, 0, 0, 0
35, -0.172, 17.871, 45.695, 0, 0, 0, 0
36, -1.582, 18.639, 46.995, 0, 0, 0, 0
36, -2.5, 19.057, 46.995, 0, 0, 0, 0
36, -3.287, 19.287, 46.995, 0, 0, 0, 0
36, -7.206, 20.315, 46.995, 0, 0, 0, 0
36, -8.415, 20.398, 46.995, 0, 0, 0, 0
36, -11.979, 20.545, 46.995, 0, 0, 0, 0
36, -13.531, 20.321, 46.995, 0, 0, 0, 0
36, -16.695, 19.781, 46.995, 0, 0, 0, 0
36, -18.489, 19.115, 46.995, 0, 0, 0, 0
36, -21.125, 18.064, 46.995, 0, 0, 0, 0
36, -23.007, 16.865, 46.995, 0, 0, 0, 0
36, -25.059, 15.492, 46.995, 0, 0, 0, 0
36, -26.828, 13.73, 46.995, 0, 0, 0, 0
36, -28.313, 12.191, 46.995, 0, 0, 0, 0
36, -29.76, 9.904, 46.995, 0, 0, 0, 0
36, -30.751, 8.288, 46.995, 0, 0, 0, 0
36, -31.698, 5.67, 46.995, 0, 0, 0, 0
36, -32.251, 4.082, 46.995, 0, 0, 0, 0
36, -32.576, 1.226, 46.995, 0, 0, 0, 0
36, -32.708, -0.406, 46.995, 0, 0, 0, 0
36, -32.43, -3.309, 46.995, 0, 0, 0, 0
36, -32.249, -4.933, 46.995, 0, 0, 0, 0
36, -31.698, -6.517, 46.995, 0, 0, 0, 0
36, -30.751, -9.135, 46.995, 0, 0, 0, 0
36, -29.76, -10.751, 46.995, 0, 0, 0, 0
36, -28.313, -13.038, 46.995, 0, 0, 0, 0
36, -26.828, -14.578, 46.995, 0, 0, 0, 0
36, -25.059, -16.339, 46.995, 0, 0, 0, 0
36, -23.007, -17.712, 46.995, 0, 0, 0, 0
36, -21.124, -18.912, 46.995, 0, 0, 0, 0
36, -18.489, -19.962, 46.995, 0, 0, 0, 0
36, -16.694, -20.628, 46.995, 0, 0, 0, 0
36, -13.53, -21.168, 46.995, 0, 0, 0, 0
36, -11.979, -21.392, 46.995, 0, 0, 0, 0
36, -8.415, -21.245, 46.995, 0, 0, 0, 0
36, -7.206, -21.162, 46.995, 0, 0, 0, 0
36, -3.284, -20.133, 46.995, 0, 0, 0, 0
36, -2.499, -19.904, 46.995, 0, 0, 0, 0
36, -1.582, -19.485, 46.995, 0, 0, 0, 0
36, 0.104, -19.229, 46.995, 0, 0, 0, 0
36, 1.236, -19.546, 46.995, 0, 0, 0, 0
36, 2.019, -19.903, 46.995, 0, 0, 0, 0
36, 2.805, -20.133, 46.995, 0, 0, 0, 0
36, 6.726, -21.162, 46.995, 0, 0, 0, 0
36, 7.935, -21.246, 46.995, 0, 0, 0, 0
36, 11.499, -21.393, 46.995, 0, 0, 0, 0
36, 13.05, -21.168, 46.995, 0, 0, 0, 0
36, 16.214, -20.627, 46.995, 0, 0, 0, 0
36, 18.009, -19.962, 46.995, 0, 0, 0, 0
36, 20.645, -18.912, 46.995, 0, 0, 0, 0
36, 22.527, -17.714, 46.995, 0, 0, 0, 0
36, 24.577, -16.343, 46.995, 0, 0, 0, 0
36, 26.346, -14.577, 46.995, 0, 0, 0, 0
36, 27.833, -13.033, 46.995, 0, 0, 0, 0
36, 29.281, -10.747, 46.995, 0, 0, 0, 0
36, 30.272, -9.133, 46.995, 0, 0, 0, 0
36, 31.219, -6.526, 46.995, 0, 0, 0, 0
36, 31.77, -4.945, 46.995, 0, 0, 0, 0
36, 32.096, -2.078, 46.995, 0, 0, 0, 0
36, 32.228, -0.441, 46.995, 0, 0, 0, 0
36, 31.95, 2.474, 46.995, 0, 0, 0, 0
36, 31.769, 4.101, 46.995, 0, 0, 0, 0
36, 31.219, 5.679, 46.995, 0, 0, 0, 0
36, 30.272, 8.285, 46.995, 0, 0, 0, 0
36, 29.282, 9.899, 46.995, 0, 0, 0, 0
36, 27.833, 12.185, 46.995, 0, 0, 0, 0
36, 26.346, 13.73, 46.995, 0, 0, 0, 0
36, 24.577, 15.496, 46.995, 0, 0, 0, 0
36, 22.527, 16.867, 46.995, 0, 0, 0, 0
36, 20.645, 18.065, 46.995, 0, 0, 0, 0
36, 18.009, 19.115, 46.995, 0, 0, 0, 0
36, 16.214, 19.78, 46.995, 0, 0, 0, 0
36, 13.049, 20.321, 46.995, 0, 0, 0, 0
36, 11.499, 20.545, 46.995, 0, 0, 0, 0
36, 7.935, 20.398, 46.995, 0, 0, 0, 0
36, 6.726, 20.315, 46.995, 0, 0, 0, 0
36, 2.808, 19.286, 46.995, 0, 0, 0, 0
36, 2.02, 19.056, 46.995, 0, 0, 0, 0
36, 1.237, 18.7, 46.995, 0, 0, 0, 0
36, 0.103, 18.381, 46.995, 0, 0, 0, 0
37, -0.436, 18.844, 48.295, 0, 0, 0, 0
37, -1.583, 19.057, 48.295, 0, 0, 0, 0
37, -2.028, 19.26, 48.295, 0, 0, 0, 0
37, -2.259, 19.327, 48.295, 0, 0, 0, 0
37, -6.768, 20.51, 48.295, 0, 0, 0, 0
37, -7.396, 20.554, 48.295, 0, 0, 0, 0
37, -11.564, 20.725, 48.295, 0, 0, 0, 0
37, -12.524, 20.587, 48.295, 0, 0, 0, 0
37, -16.299, 19.942, 48.295, 0, 0, 0, 0
37, -17.522, 19.488, 48.295, 0, 0, 0, 0
37, -20.744, 18.204, 48.295, 0, 0, 0, 0
37, -22.107, 17.336, 48.295, 0, 0, 0, 0
37, -24.691, 15.607, 48.295, 0, 0, 0, 0
37, -26.023, 14.28, 48.295, 0, 0, 0, 0
37, -27.954, 12.278, 48.295, 0, 0, 0, 0
37, -29.072, 10.512, 48.295, 0, 0, 0, 0
37, -30.398, 8.348, 48.295, 0, 0, 0, 0
37, -31.141, 6.294, 48.295, 0, 0, 0, 0
37, -31.901, 4.11, 48.295, 0, 0, 0, 0
37, -32.158, 1.857, 48.295, 0, 0, 0, 0
37, -32.287, 0.257, 48.295, 0, 0, 0, 0
37, -32.365, -0.443, 48.295, 0, 0, 0, 0
37, -32.149, -2.723, 48.295, 0, 0, 0, 0
37, -31.9, -4.961, 48.295, 0, 0, 0, 0
37, -31.141, -7.142, 48.295, 0, 0, 0, 0
37, -30.398, -9.195, 48.295, 0, 0, 0, 0
37, -29.072, -11.36, 48.295, 0, 0, 0, 0
37, -27.954, -13.125, 48.295, 0, 0, 0, 0
37, -26.022, -15.128, 48.295, 0, 0, 0, 0
37, -24.691, -16.454, 48.295, 0, 0, 0, 0
37, -22.107, -18.183, 48.295, 0, 0, 0, 0
37, -20.744, -19.051, 48.295, 0, 0, 0, 0
37, -17.521, -20.336, 48.295, 0, 0, 0, 0
37, -16.298, -20.789, 48.295, 0, 0, 0, 0
37, -12.523, -21.434, 48.295, 0, 0, 0, 0
37, -11.564, -21.572, 48.295, 0, 0, 0, 0
37, -7.396, -21.401, 48.295, 0, 0, 0, 0
37, -6.768, -21.357, 48.295, 0, 0, 0, 0
37, -2.255, -20.173, 48.295, 0, 0, 0, 0
37, -2.028, -20.107, 48.295, 0, 0, 0, 0
37, -1.545, -19.887, 48.295, 0, 0, 0, 0
37, 0.249, -19.617, 48.295, 0, 0, 0, 0
37, 0.937, -19.875, 48.295, 0, 0, 0, 0
37, 1.187, -19.942, 48.295, 0, 0, 0, 0
37, 1.549, -20.106, 48.295, 0, 0, 0, 0
37, 1.777, -20.173, 48.295, 0, 0, 0, 0
37, 6.288, -21.357, 48.295, 0, 0, 0, 0
37, 6.917, -21.401, 48.295, 0, 0, 0, 0
37, 11.084, -21.573, 48.295, 0, 0, 0, 0
37, 12.043, -21.434, 48.295, 0, 0, 0, 0
37, 15.818, -20.789, 48.295, 0, 0, 0, 0
37, 17.042, -20.335, 48.295, 0, 0, 0, 0
37, 20.265, -19.051, 48.295, 0, 0, 0, 0
37, 21.628, -18.184, 48.295, 0, 0, 0, 0
37, 24.209, -16.458, 48.295, 0, 0, 0, 0
37, 25.541, -15.128, 48.295, 0, 0, 0, 0
37, 27.474, -13.12, 48.295, 0, 0, 0, 0
37, 28.593, -11.355, 48.295, 0, 0, 0, 0
37, 29.919, -9.193, 48.295, 0, 0, 0, 0
37, 30.662, -7.148, 48.295, 0, 0, 0, 0
37, 31.421, -4.972, 48.295, 0, 0, 0, 0
37, 31.678, -2.71, 48.295, 0, 0, 0, 0
37, 31.808, -1.106, 48.295, 0, 0, 0, 0
37, 31.885, -0.404, 48.295, 0, 0, 0, 0
37, 31.669, 1.887, 48.295, 0, 0, 0, 0
37, 31.42, 4.127, 48.295, 0, 0, 0, 0
37, 30.662, 6.301, 48.295, 0, 0, 0, 0
37, 29.919, 8.346, 48.295, 0, 0, 0, 0
37, 28.593, 10.508, 48.295, 0, 0, 0, 0
37, 27.474, 12.273, 48.295, 0, 0, 0, 0
37, 25.541, 14.281, 48.295, 0, 0, 0, 0
37, 24.209, 15.61, 48.295, 0, 0, 0, 0
37, 21.628, 17.337, 48.295, 0, 0, 0, 0
37, 20.265, 18.204, 48.295, 0, 0, 0, 0
37, 17.042, 19.488, 48.295, 0, 0, 0, 0
37, 15.818, 19.941, 48.295, 0, 0, 0, 0
37, 12.043, 20.587, 48.295, 0, 0, 0, 0
37, 11.084, 20.725, 48.295, 0, 0, 0, 0
37, 6.917, 20.554, 48.295, 0, 0, 0, 0
37, 6.288, 20.51, 48.295, 0, 0, 0, 0
37, 1.78, 19.327, 48.295, 0, 0, 0, 0
37, 1.549, 19.26, 48.295, 0, 0, 0, 0
37, 1.249, 19.123, 48.295, 0, 0, 0, 0
37, 0.347, 18.828, 48.295, 0, 0, 0, 0
38, -0.561, 19.251, 49.595, 0, 0, 0, 0
38, -1.362, 19.421, 49.595, 0, 0, 0, 0
38, -2.914, 19.81, 49.595, 0, 0, 0, 0
38, -6.329, 20.706, 49.595, 0, 0, 0, 0
38, -6.378, 20.709, 49.595, 0, 0, 0, 0
38, -11.149, 20.905, 49.595, 0, 0, 0, 0
38, -11.517, 20.852, 49.595, 0, 0, 0, 0
38, -15.903, 20.103, 49.595, 0, 0, 0, 0
38, -16.554, 19.862, 49.595, 0, 0, 0, 0
38, -20.364, 18.343, 49.595, 0, 0, 0, 0
38, -21.207, 17.806, 49.595, 0, 0, 0, 0
38, -24.323, 15.721, 49.595, 0, 0, 0, 0
38, -25.217, 14.831, 49.595, 0, 0, 0, 0
38, -27.595, 12.366, 49.595, 0, 0, 0, 0
38, -28.383, 11.121, 49.595, 0, 0, 0, 0
38, -30.045, 8.409, 49.595, 0, 0, 0, 0
38, -30.584, 6.918, 49.595, 0, 0, 0, 0
38, -31.552, 4.138, 49.595, 0, 0, 0, 0
38, -31.74, 2.488, 49.595, 0, 0, 0, 0
38, -31.839, 1.266, 49.595, 0, 0, 0, 0
38, -32.028, -0.443, 49.595, 0, 0, 0, 0
38, -31.868, -2.137, 49.595, 0, 0, 0, 0
38, -31.551, -4.989, 49.595, 0, 0, 0, 0
38, -30.584, -7.765, 49.595, 0, 0, 0, 0
38, -30.045, -9.256, 49.595, 0, 0, 0, 0
38, -28.383, -11.968, 49.595, 0, 0, 0, 0
38, -27.595, -13.213, 49.595, 0, 0, 0, 0
38, -25.217, -15.678, 49.595, 0, 0, 0, 0
38, -24.323, -16.568, 49.595, 0, 0, 0, 0
38, -21.207, -18.653, 49.595, 0, 0, 0, 0
38, -20.364, -19.19, 49.595, 0, 0, 0, 0
38, -16.554, -20.709, 49.595, 0, 0, 0, 0
38, -15.902, -20.951, 49.595, 0, 0, 0, 0
38, -11.516, -21.7, 49.595, 0, 0, 0, 0
38, -11.148, -21.753, 49.595, 0, 0, 0, 0
38, -6.377, -21.556, 49.595, 0, 0, 0, 0
38, -6.329, -21.553, 49.595, 0, 0, 0, 0
38, -2.932, -20.661, 49.595, 0, 0, 0, 0
38, -1.282, -20.249, 49.595, 0, 0, 0, 0
38, 0.295, -20.024, 49.595, 0, 0, 0, 0
38, 1.06, -20.312, 49.595, 0, 0, 0, 0
38, 2.45, -20.66, 49.595, 0, 0, 0, 0
38, 5.819, -21.545, 49.595, 0, 0, 0, 0
38, 10.671, -21.753, 49.595, 0, 0, 0, 0
38, 11.037, -21.7, 49.595, 0, 0, 0, 0
38, 15.423, -20.95, 49.595, 0, 0, 0, 0
38, 16.075, -20.708, 49.595, 0, 0, 0, 0
38, 19.885, -19.19, 49.595, 0, 0, 0, 0
38, 20.728, -18.654, 49.595, 0, 0, 0, 0
38, 23.842, -16.572, 49.595, 0, 0, 0, 0
38, 24.735, -15.679, 49.595, 0, 0, 0, 0
38, 27.115, -13.208, 49.595, 0, 0, 0, 0
38, 27.904, -11.964, 49.595, 0, 0, 0, 0
38, 29.566, -9.254, 49.595, 0, 0, 0, 0
38, 30.105, -7.77, 49.595, 0, 0, 0, 0
38, 31.072, -4.999, 49.595, 0, 0, 0, 0
38, 31.26, -3.342, 49.595, 0, 0, 0, 0
38, 31.359, -2.117, 49.595, 0, 0, 0, 0
38, 31.549, -0.404, 49.595, 0, 0, 0, 0
38, 31.388, 1.298, 49.595, 0, 0, 0, 0
38, 31.071, 4.154, 49.595, 0, 0, 0, 0
38, 30.105, 6.923, 49.595, 0, 0, 0, 0
38, 29.566, 8.406, 49.595, 0, 0, 0, 0
38, 27.904, 11.117, 49.595, 0, 0, 0, 0
38, 27.115, 12.361, 49.595, 0, 0, 0, 0
38, 24.735, 14.832, 49.595, 0, 0, 0, 0
38, 23.842, 15.724, 49.595, 0, 0, 0, 0
38, 20.728, 17.807, 49.595, 0, 0, 0, 0
38, 19.885, 18.343, 49.595, 0, 0, 0, 0
38, 16.075, 19.861, 49.595, 0, 0, 0, 0
38, 15.423, 20.103, 49.595, 0, 0, 0, 0
38, 11.037, 20.852, 49.595, 0, 0, 0, 0
38, 10.671, 20.905, 49.595, 0, 0, 0, 0
38, 5.819, 20.698, 49.595, 0, 0, 0, 0
38, 2.434, 19.809, 49.595, 0, 0, 0, 0
38, 1.059, 19.465, 49.595, 0, 0, 0, 0
38, 0.436, 19.23, 49.595, 0, 0, 0, 0
39, -0.654, 19.657, 50.895, 0, 0, 0, 0
39, -1.326, 19.8, 50.895, 0, 0, 0, 0
39, -5.785, 20.909, 50.895, 0, 0, 0, 0
39, -10.696, 21.085, 50.895, 0, 0, 0, 0
39, -15.48, 20.269, 50.895, 0, 0, 0, 0
39, -19.985, 18.481, 50.895, 0, 0, 0, 0
39, -20.308, 18.276, 50.895, 0, 0, 0, 0
39, -23.955, 15.836, 50.895, 0, 0, 0, 0
39, -24.411, 15.381, 50.895, 0, 0, 0, 0
39, -27.236, 12.453, 50.895, 0, 0, 0, 0
39, -27.694, 11.729, 50.895, 0, 0, 0, 0
39, -29.692, 8.469, 50.895, 0, 0, 0, 0
39, -30.028, 7.542, 50.895, 0, 0, 0, 0
39, -31.203, 4.166, 50.895, 0, 0, 0, 0
39, -31.322, 3.118, 50.895, 0, 0, 0, 0
39, -31.39, 2.274, 50.895, 0, 0, 0, 0
39, -31.692, -0.443, 50.895, 0, 0, 0, 0
39, -31.586, -1.55, 50.895, 0, 0, 0, 0
39, -31.201, -5.016, 50.895, 0, 0, 0, 0
39, -30.028, -8.389, 50.895, 0, 0, 0, 0
39, -29.692, -9.316, 50.895, 0, 0, 0, 0
39, -27.694, -12.577, 50.895, 0, 0, 0, 0
39, -27.236, -13.301, 50.895, 0, 0, 0, 0
39, -24.411, -16.228, 50.895, 0, 0, 0, 0
39, -23.955, -16.683, 50.895, 0, 0, 0, 0
39, -20.307, -19.123, 50.895, 0, 0, 0, 0
39, -19.985, -19.329, 50.895, 0, 0, 0, 0
39, -15.48, -21.116, 50.895, 0, 0, 0, 0
39, -10.696, -21.933, 50.895, 0, 0, 0, 0
39, -5.784, -21.756, 50.895, 0, 0, 0, 0
39, -1.093, -20.59, 50.895, 0, 0, 0, 0
39, -0.762, -20.587, 50.895, 0, 0, 0, 0
39, 0.33, -20.423, 50.895, 0, 0, 0, 0
39, 1.032, -20.694, 50.895, 0, 0, 0, 0
39, 5.305, -21.756, 50.895, 0, 0, 0, 0
39, 10.217, -21.933, 50.895, 0, 0, 0, 0
39, 15.0, -21.116, 50.895, 0, 0, 0, 0
39, 19.507, -19.329, 50.895, 0, 0, 0, 0
39, 19.829, -19.124, 50.895, 0, 0, 0, 0
39, 23.474, -16.686, 50.895, 0, 0, 0, 0
39, 23.93, -16.231, 50.895, 0, 0, 0, 0
39, 26.756, -13.296, 50.895, 0, 0, 0, 0
39, 27.215, -12.572, 50.895, 0, 0, 0, 0
39, 29.213, -9.314, 50.895, 0, 0, 0, 0
39, 29.549, -8.392, 50.895, 0, 0, 0, 0
39, 30.723, -5.026, 50.895, 0, 0, 0, 0
39, 30.842, -3.974, 50.895, 0, 0, 0, 0
39, 30.91, -3.128, 50.895, 0, 0, 0, 0
39, 31.212, -0.404, 50.895, 0, 0, 0, 0
39, 31.107, 0.709, 50.895, 0, 0, 0, 0
39, 30.722, 4.181, 50.895, 0, 0, 0, 0
39, 29.549, 7.544, 50.895, 0, 0, 0, 0
39, 29.213, 8.467, 50.895, 0, 0, 0, 0
39, 27.215, 11.725, 50.895, 0, 0, 0, 0
39, 26.756, 12.448, 50.895, 0, 0, 0, 0
39, 23.93, 15.383, 50.895, 0, 0, 0, 0
39, 23.474, 15.839, 50.895, 0, 0, 0, 0
39, 19.828, 18.276, 50.895, 0, 0, 0, 0
39, 19.507, 18.481, 50.895, 0, 0, 0, 0
39, 15.0, 20.268, 50.895, 0, 0, 0, 0
39, 10.217, 21.086, 50.895, 0, 0, 0, 0
39, 5.306, 20.909, 50.895, 0, 0, 0, 0
39, 1.03, 19.845, 50.895, 0, 0, 0, 0
39, 0.478, 19.634, 50.895, 0, 0, 0, 0
40, -0.748, 20.064, 52.195, 0, 0, 0, 0
40, -1.294, 20.18, 52.195, 0, 0, 0, 0
40, -4.263, 20.923, 52.195, 0, 0, 0, 0
40, -5.232, 21.146, 52.195, 0, 0, 0, 0
40, -5.868, 21.178, 52.195, 0, 0, 0, 0
40, -10.179, 21.327, 52.195, 0, 0, 0, 0
40, -15.038, 20.471, 52.195, 0, 0, 0, 0
40, -19.573, 18.635, 52.195, 0, 0, 0, 0
40, -23.568, 15.963, 52.195, 0, 0, 0, 0
40, -26.867, 12.551, 52.195, 0, 0, 0, 0
40, -29.333, 8.539, 52.195, 0, 0, 0, 0
40, -30.851, 4.198, 52.195, 0, 0, 0, 0
40, -31.355, -0.44, 52.195, 0, 0, 0, 0
40, -31.305, -0.964, 52.195, 0, 0, 0, 0
40, -30.852, -5.044, 52.195, 0, 0, 0, 0
40, -29.471, -9.013, 52.195, 0, 0, 0, 0
40, -29.34, -9.375, 52.195, 0, 0, 0, 0
40, -26.867, -13.398, 52.195, 0, 0, 0, 0
40, -23.568, -16.81, 52.195, 0, 0, 0, 0
40, -19.573, -19.483, 52.195, 0, 0, 0, 0
40, -15.038, -21.319, 52.195, 0, 0, 0, 0
40, -10.179, -22.174, 52.195, 0, 0, 0, 0
40, -5.868, -22.025, 52.195, 0, 0, 0, 0
40, -5.232, -21.993, 52.195, 0, 0, 0, 0
40, -4.168, -21.747, 52.195, 0, 0, 0, 0
40, -1.061, -20.97, 52.195, 0, 0, 0, 0
40, -0.555, -20.965, 52.195, 0, 0, 0, 0
40, 0.38, -20.825, 52.195, 0, 0, 0, 0
40, 1.014, -21.078, 52.195, 0, 0, 0, 0
40, 3.691, -21.747, 52.195, 0, 0, 0, 0
40, 4.754, -21.994, 52.195, 0, 0, 0, 0
40, 5.389, -22.025, 52.195, 0, 0, 0, 0
40, 9.7, -22.175, 52.195, 0, 0, 0, 0
40, 14.559, -21.318, 52.195, 0, 0, 0, 0
40, 19.094, -19.483, 52.195, 0, 0, 0, 0
40, 23.087, -16.812, 52.195, 0, 0, 0, 0
40, 26.398, -13.382, 52.195, 0, 0, 0, 0
40, 26.526, -13.18, 52.195, 0, 0, 0, 0
40, 28.853, -9.387, 52.195, 0, 0, 0, 0
40, 30.371, -5.056, 52.195, 0, 0, 0, 0
40, 30.875, -0.407, 52.195, 0, 0, 0, 0
40, 30.825, 0.121, 52.195, 0, 0, 0, 0
40, 30.372, 4.206, 52.195, 0, 0, 0, 0
40, 28.854, 8.538, 52.195, 0, 0, 0, 0
40, 26.386, 12.548, 52.195, 0, 0, 0, 0
40, 23.125, 15.934, 52.195, 0, 0, 0, 0
40, 23.106, 15.953, 52.195, 0, 0, 0, 0
40, 19.094, 18.635, 52.195, 0, 0, 0, 0
40, 14.558, 20.471, 52.195, 0, 0, 0, 0
40, 9.699, 21.327, 52.195, 0, 0, 0, 0
40, 5.388, 21.178, 52.195, 0, 0, 0, 0
40, 4.753, 21.146, 52.195, 0, 0, 0, 0
40, 3.785, 20.923, 52.195, 0, 0, 0, 0
40, 1.008, 20.228, 52.195, 0, 0, 0, 0
40, 0.523, 20.038, 52.195, 0, 0, 0, 0
41, -0.881, 20.471, 53.495, 0, 0, 0, 0
41, -2.896, 20.968, 53.495, 0, 0, 0, 0
41, -4.684, 21.381, 53.495, 0, 0, 0, 0
41, -5.909, 21.442, 53.495, 0, 0, 0, 0
41, -9.679, 21.572, 53.495, 0, 0, 0, 0
41, -10.612, 21.419, 53.495, 0, 0, 0, 0
41, -14.569, 20.717, 53.495, 0, 0, 0, 0
41, -19.147, 18.866, 53.495, 0, 0, 0, 0
41, -23.184, 16.135, 53.495, 0, 0, 0, 0
41, -26.505, 12.662, 53.495, 0, 0, 0, 0
41, -28.978, 8.605, 53.495, 0, 0, 0, 0
41, -30.503, 4.226, 53.495, 0, 0, 0, 0
41, -31.016, -0.424, 53.495, 0, 0, 0, 0
41, -30.503, -5.073, 53.495, 0, 0, 0, 0
41, -28.978, -9.453, 53.495, 0, 0, 0, 0
41, -26.504, -13.51, 53.495, 0, 0, 0, 0
41, -23.184, -16.982, 53.495, 0, 0, 0, 0
41, -19.147, -19.713, 53.495, 0, 0, 0, 0
41, -14.569, -21.564, 53.495, 0, 0, 0, 0
41, -10.613, -22.266, 53.495, 0, 0, 0, 0
41, -9.68, -22.42, 53.495, 0, 0, 0, 0
41, -5.909, -22.289, 53.495, 0, 0, 0, 0
41, -4.684, -22.228, 53.495, 0, 0, 0, 0
41, -2.741, -21.778, 53.495, 0, 0, 0, 0
41, -1.027, -21.35, 53.495, 0, 0, 0, 0
41, -0.348, -21.343, 53.495, 0, 0, 0, 0
41, 0.447, -21.224, 53.495, 0, 0, 0, 0
41, 1.01, -21.465, 53.495, 0, 0, 0, 0
41, 2.263, -21.778, 53.495, 0, 0, 0, 0
41, 4.205, -22.228, 53.495, 0, 0, 0, 0
41, 5.43, -22.289, 53.495, 0, 0, 0, 0
41, 9.201, -22.42, 53.495, 0, 0, 0, 0
41, 10.133, -22.266, 53.495, 0, 0, 0, 0
41, 14.09, -21.563, 53.495, 0, 0, 0, 0
41, 18.672, -19.712, 53.495, 0, 0, 0, 0
41, 18.975, -19.508, 53.495, 0, 0, 0, 0
41, 22.704, -16.984, 53.495, 0, 0, 0, 0
41, 26.025, -13.505, 53.495, 0, 0, 0, 0
41, 28.499, -9.451, 53.495, 0, 0, 0, 0
41, 30.023, -5.083, 53.495, 0, 0, 0, 0
41, 30.536, -0.424, 53.495, 0, 0, 0, 0
41, 30.023, 4.236, 53.495, 0, 0, 0, 0
41, 28.499, 8.604, 53.495, 0, 0, 0, 0
41, 26.025, 12.658, 53.495, 0, 0, 0, 0
41, 22.704, 16.137, 53.495, 0, 0, 0, 0
41, 18.668, 18.866, 53.495, 0, 0, 0, 0
41, 14.09, 20.716, 53.495, 0, 0, 0, 0
41, 10.133, 21.419, 53.495, 0, 0, 0, 0
41, 9.2, 21.573, 53.495, 0, 0, 0, 0
41, 5.429, 21.442, 53.495, 0, 0, 0, 0
41, 4.205, 21.381, 53.495, 0, 0, 0, 0
41, 2.422, 20.969, 53.495, 0, 0, 0, 0
41, 0.996, 20.612, 53.495, 0, 0, 0, 0
41, 0.581, 20.441, 53.495, 0, 0, 0, 0
42, -0.957, 20.877, 54.795, 0, 0, 0, 0
42, -4.137, 21.616, 54.795, 0, 0, 0, 0
42, -5.949, 21.706, 54.795, 0, 0, 0, 0
42, -9.166, 21.817, 54.795, 0, 0, 0, 0
42, -10.703, 21.565, 54.795, 0, 0, 0, 0
42, -14.103, 20.961, 54.795, 0, 0, 0, 0
42, -18.727, 19.097, 54.795, 0, 0, 0, 0
42, -22.806, 16.34, 54.795, 0, 0, 0, 0
42, -26.163, 12.83, 54.795, 0, 0, 0, 0
42, -28.661, 8.724, 54.795, 0, 0, 0, 0
42, -30.195, 4.282, 54.795, 0, 0, 0, 0
42, -30.706, -0.422, 54.795, 0, 0, 0, 0
42, -30.235, -4.708, 54.795, 0, 0, 0, 0
42, -30.219, -4.916, 54.795, 0, 0, 0, 0
42, -30.196, -5.127, 54.795, 0, 0, 0, 0
42, -28.661, -9.571, 54.795, 0, 0, 0, 0
42, -26.163, -13.677, 54.795, 0, 0, 0, 0
42, -22.807, -17.187, 54.795, 0, 0, 0, 0
42, -18.727, -19.944, 54.795, 0, 0, 0, 0
42, -14.103, -21.808, 54.795, 0, 0, 0, 0
42, -10.705, -22.411, 54.795, 0, 0, 0, 0
42, -9.167, -22.664, 54.795, 0, 0, 0, 0
42, -5.95, -22.553, 54.795, 0, 0, 0, 0
42, -4.135, -22.462, 54.795, 0, 0, 0, 0
42, -0.972, -21.729, 54.795, 0, 0, 0, 0
42, -0.14, -21.721, 54.795, 0, 0, 0, 0
42, 0.624, -21.607, 54.795, 0, 0, 0, 0
42, 1.092, -21.87, 54.795, 0, 0, 0, 0
42, 1.544, -21.979, 54.795, 0, 0, 0, 0
42, 3.653, -22.462, 54.795, 0, 0, 0, 0
42, 5.471, -22.553, 54.795, 0, 0, 0, 0
42, 8.688, -22.665, 54.795, 0, 0, 0, 0
42, 10.225, -22.412, 54.795, 0, 0, 0, 0
42, 13.624, -21.807, 54.795, 0, 0, 0, 0
42, 18.249, -19.944, 54.795, 0, 0, 0, 0
42, 22.326, -17.189, 54.795, 0, 0, 0, 0
42, 25.684, -13.673, 54.795, 0, 0, 0, 0
42, 28.182, -9.57, 54.795, 0, 0, 0, 0
42, 29.715, -5.138, 54.795, 0, 0, 0, 0
42, 30.227, -0.424, 54.795, 0, 0, 0, 0
42, 29.715, 4.291, 54.795, 0, 0, 0, 0
42, 28.182, 8.723, 54.795, 0, 0, 0, 0
42, 25.683, 12.826, 54.795, 0, 0, 0, 0
42, 22.326, 16.342, 54.795, 0, 0, 0, 0
42, 18.248, 19.097, 54.795, 0, 0, 0, 0
42, 13.623, 20.96, 54.795, 0, 0, 0, 0
42, 10.224, 21.565, 54.795, 0, 0, 0, 0
42, 8.686, 21.817, 54.795, 0, 0, 0, 0
42, 5.47, 21.706, 54.795, 0, 0, 0, 0
42, 3.654, 21.615, 54.795, 0, 0, 0, 0
42, 1.554, 21.134, 54.795, 0, 0, 0, 0
42, 1.039, 21.009, 54.795, 0, 0, 0, 0
42, 0.705, 20.843, 54.795, 0, 0, 0, 0
43, -0.921, 21.235, 56.095, 0, 0, 0, 0
43, -3.587, 21.85, 56.095, 0, 0, 0, 0
43, -5.989, 21.97, 56.095, 0, 0, 0, 0
43, -8.652, 22.062, 56.095, 0, 0, 0, 0
43, -10.795, 21.71, 56.095, 0, 0, 0, 0
43, -13.642, 21.204, 56.095, 0, 0, 0, 0
43, -15.42, 20.5, 56.095, 0, 0, 0, 0
43, -18.303, 19.33, 56.095, 0, 0, 0, 0
43, -22.428, 16.545, 56.095, 0, 0, 0, 0
43, -25.823, 12.997, 56.095, 0, 0, 0, 0
43, -28.35, 8.843, 56.095, 0, 0, 0, 0
43, -29.903, 4.339, 56.095, 0, 0, 0, 0
43, -30.326, 0.489, 56.095, 0, 0, 0, 0
43, -30.412, -0.407, 56.095, 0, 0, 0, 0
43, -30.038, -3.805, 56.095, 0, 0, 0, 0
43, -30.002, -4.289, 56.095, 0, 0, 0, 0
43, -29.903, -5.186, 56.095, 0, 0, 0, 0
43, -28.35, -9.69, 56.095, 0, 0, 0, 0
43, -25.823, -13.844, 56.095, 0, 0, 0, 0
43, -22.429, -17.392, 56.095, 0, 0, 0, 0
43, -18.304, -20.177, 56.095, 0, 0, 0, 0
43, -15.421, -21.347, 56.095, 0, 0, 0, 0
43, -13.643, -22.051, 56.095, 0, 0, 0, 0
43, -10.797, -22.557, 56.095, 0, 0, 0, 0
43, -8.653, -22.909, 56.095, 0, 0, 0, 0
43, -5.991, -22.817, 56.095, 0, 0, 0, 0
43, -3.586, -22.697, 56.095, 0, 0, 0, 0
43, -0.919, -22.08, 56.095, 0, 0, 0, 0
43, 0.457, -22.091, 56.095, 0, 0, 0, 0
43, 3.104, -22.697, 56.095, 0, 0, 0, 0
43, 5.512, -22.817, 56.095, 0, 0, 0, 0
43, 8.175, -22.909, 56.095, 0, 0, 0, 0
43, 10.317, -22.557, 56.095, 0, 0, 0, 0
43, 13.164, -22.051, 56.095, 0, 0, 0, 0
43, 14.942, -21.346, 56.095, 0, 0, 0, 0
43, 17.825, -20.177, 56.095, 0, 0, 0, 0
43, 21.949, -17.393, 56.095, 0, 0, 0, 0
43, 25.343, -13.84, 56.095, 0, 0, 0, 0
43, 27.871, -9.689, 56.095, 0, 0, 0, 0
43, 29.423, -5.195, 56.095, 0, 0, 0, 0
43, 29.847, -1.337, 56.095, 0, 0, 0, 0
43, 29.933, -0.44, 56.095, 0, 0, 0, 0
43, 29.558, 2.965, 56.095, 0, 0, 0, 0
43, 29.522, 3.45, 56.095, 0, 0, 0, 0
43, 29.423, 4.347, 56.095, 0, 0, 0, 0
43, 27.871, 8.842, 56.095, 0, 0, 0, 0
43, 25.343, 12.993, 56.095, 0, 0, 0, 0
43, 21.948, 16.547, 56.095, 0, 0, 0, 0
43, 17.825, 19.33, 56.095, 0, 0, 0, 0
43, 14.941, 20.5, 56.095, 0, 0, 0, 0
43, 13.163, 21.204, 56.095, 0, 0, 0, 0
43, 10.316, 21.71, 56.095, 0, 0, 0, 0
43, 8.173, 22.062, 56.095, 0, 0, 0, 0
43, 5.511, 21.97, 56.095, 0, 0, 0, 0
43, 3.106, 21.85, 56.095, 0, 0, 0, 0
43, 0.455, 21.243, 56.095, 0, 0, 0, 0
44, -0.891, 21.589, 57.395, 0, 0, 0, 0
44, -3.039, 22.085, 57.395, 0, 0, 0, 0
44, -6.03, 22.234, 57.395, 0, 0, 0, 0
44, -8.139, 22.307, 57.395, 0, 0, 0, 0
44, -10.887, 21.855, 57.395, 0, 0, 0, 0
44, -13.175, 21.449, 57.395, 0, 0, 0, 0
44, -15.538, 20.513, 57.395, 0, 0, 0, 0
44, -17.882, 19.562, 57.395, 0, 0, 0, 0
44, -22.051, 16.75, 57.395, 0, 0, 0, 0
44, -25.482, 13.164, 57.395, 0, 0, 0, 0
44, -28.038, 8.963, 57.395, 0, 0, 0, 0
44, -29.61, 4.399, 57.395, 0, 0, 0, 0
44, -29.963, 1.188, 57.395, 0, 0, 0, 0
44, -30.116, -0.407, 57.395, 0, 0, 0, 0
44, -29.842, -2.902, 57.395, 0, 0, 0, 0
44, -29.785, -3.662, 57.395, 0, 0, 0, 0
44, -29.611, -5.245, 57.395, 0, 0, 0, 0
44, -28.038, -9.81, 57.395, 0, 0, 0, 0
44, -25.482, -14.011, 57.395, 0, 0, 0, 0
44, -22.051, -17.597, 57.395, 0, 0, 0, 0
44, -17.883, -20.408, 57.395, 0, 0, 0, 0
44, -15.538, -21.36, 57.395, 0, 0, 0, 0
44, -13.176, -22.296, 57.395, 0, 0, 0, 0
44, -10.889, -22.702, 57.395, 0, 0, 0, 0
44, -8.14, -23.154, 57.395, 0, 0, 0, 0
44, -6.032, -23.081, 57.395, 0, 0, 0, 0
44, -3.037, -22.931, 57.395, 0, 0, 0, 0
44, -0.889, -22.434, 57.395, 0, 0, 0, 0
44, 0.425, -22.443, 57.395, 0, 0, 0, 0
44, 2.556, -22.931, 57.395, 0, 0, 0, 0
44, 5.553, -23.081, 57.395, 0, 0, 0, 0
44, 7.661, -23.154, 57.395, 0, 0, 0, 0
44, 10.409, -22.702, 57.395, 0, 0, 0, 0
44, 12.697, -22.295, 57.395, 0, 0, 0, 0
44, 15.06, -21.359, 57.395, 0, 0, 0, 0
44, 17.404, -20.408, 57.395, 0, 0, 0, 0
44, 21.571, -17.598, 57.395, 0, 0, 0, 0
44, 25.003, -14.007, 57.395, 0, 0, 0, 0
44, 27.559, -9.809, 57.395, 0, 0, 0, 0
44, 29.131, -5.253, 57.395, 0, 0, 0, 0
44, 29.484, -2.036, 57.395, 0, 0, 0, 0
44, 29.637, -0.44, 57.395, 0, 0, 0, 0
44, 29.362, 2.061, 57.395, 0, 0, 0, 0
44, 29.305, 2.822, 57.395, 0, 0, 0, 0
44, 29.131, 4.406, 57.395, 0, 0, 0, 0
44, 27.559, 8.962, 57.395, 0, 0, 0, 0
44, 25.002, 13.161, 57.395, 0, 0, 0, 0
44, 21.57, 16.751, 57.395, 0, 0, 0, 0
44, 17.403, 19.561, 57.395, 0, 0, 0, 0
44, 15.059, 20.512, 57.395, 0, 0, 0, 0
44, 12.695, 21.448, 57.395, 0, 0, 0, 0
44, 10.407, 21.855, 57.395, 0, 0, 0, 0
44, 7.659, 22.307, 57.395, 0, 0, 0, 0
44, 5.551, 22.234, 57.395, 0, 0, 0, 0
44, 2.557, 22.084, 57.395, 0, 0, 0, 0
44, 0.422, 21.596, 57.395, 0, 0, 0, 0
45, -0.861, 21.943, 58.695, 0, 0, 0, 0
45, -2.49, 22.319, 58.695, 0, 0, 0, 0
45, -6.071, 22.498, 58.695, 0, 0, 0, 0
45, -7.625, 22.552, 58.695, 0, 0, 0, 0
45, -10.979, 22.001, 58.695, 0, 0, 0, 0
45, -12.707, 21.694, 58.695, 0, 0, 0, 0
45, -15.654, 20.527, 58.695, 0, 0, 0, 0
45, -17.461, 19.793, 58.695, 0, 0, 0, 0
45, -21.673, 16.955, 58.695, 0, 0, 0, 0
45, -25.141, 13.331, 58.695, 0, 0, 0, 0
45, -27.727, 9.082, 58.695, 0, 0, 0, 0
45, -29.318, 4.458, 58.695, 0, 0, 0, 0
45, -29.6, 1.887, 58.695, 0, 0, 0, 0
45, -29.821, -0.407, 58.695, 0, 0, 0, 0
45, -29.645, -1.999, 58.695, 0, 0, 0, 0
45, -29.568, -3.034, 58.695, 0, 0, 0, 0
45, -29.318, -5.304, 58.695, 0, 0, 0, 0
45, -27.727, -9.929, 58.695, 0, 0, 0, 0
45, -25.142, -14.178, 58.695, 0, 0, 0, 0
45, -21.673, -17.802, 58.695, 0, 0, 0, 0
45, -17.462, -20.64, 58.695, 0, 0, 0, 0
45, -15.655, -21.373, 58.695, 0, 0, 0, 0
45, -12.709, -22.54, 58.695, 0, 0, 0, 0
45, -10.981, -22.847, 58.695, 0, 0, 0, 0
45, -7.627, -23.399, 58.695, 0, 0, 0, 0
45, -6.073, -23.345, 58.695, 0, 0, 0, 0
45, -2.489, -23.166, 58.695, 0, 0, 0, 0
45, -0.86, -22.789, 58.695, 0, 0, 0, 0
45, 0.392, -22.796, 58.695, 0, 0, 0, 0
45, 2.007, -23.166, 58.695, 0, 0, 0, 0
45, 5.594, -23.345, 58.695, 0, 0, 0, 0
45, 7.148, -23.399, 58.695, 0, 0, 0, 0
45, 10.501, -22.847, 58.695, 0, 0, 0, 0
45, 12.229, -22.54, 58.695, 0, 0, 0, 0
45, 15.176, -21.373, 58.695, 0, 0, 0, 0
45, 16.983, -20.64, 58.695, 0, 0, 0, 0
45, 21.193, -17.803, 58.695, 0, 0, 0, 0
45, 24.662, -14.174, 58.695, 0, 0, 0, 0
45, 27.248, -9.928, 58.695, 0, 0, 0, 0
45, 28.838, -5.311, 58.695, 0, 0, 0, 0
45, 29.121, -2.735, 58.695, 0, 0, 0, 0
45, 29.341, -0.44, 58.695, 0, 0, 0, 0
45, 29.165, 1.156, 58.695, 0, 0, 0, 0
45, 29.088, 2.193, 58.695, 0, 0, 0, 0
45, 28.838, 4.464, 58.695, 0, 0, 0, 0
45, 27.247, 9.081, 58.695, 0, 0, 0, 0
45, 24.662, 13.328, 58.695, 0, 0, 0, 0
45, 21.193, 16.956, 58.695, 0, 0, 0, 0
45, 16.982, 19.793, 58.695, 0, 0, 0, 0
45, 15.175, 20.526, 58.695, 0, 0, 0, 0
45, 12.228, 21.693, 58.695, 0, 0, 0, 0
45, 10.499, 22.0, 58.695, 0, 0, 0, 0
45, 7.146, 22.552, 58.695, 0, 0, 0, 0
45, 5.592, 22.498, 58.695, 0, 0, 0, 0
45, 2.009, 22.319, 58.695, 0, 0, 0, 0
45, 0.39, 21.948, 58.695, 0, 0, 0, 0
46, -0.831, 22.298, 59.995, 0, 0, 0, 0
46, -1.942, 22.554, 59.995, 0, 0, 0, 0
46, -6.112, 22.762, 59.995, 0, 0, 0, 0
46, -7.111, 22.796, 59.995, 0, 0, 0, 0
46, -11.07, 22.146, 59.995, 0, 0, 0, 0
46, -12.236, 21.939, 59.995, 0, 0, 0, 0
46, -17.046, 20.021, 59.995, 0, 0, 0, 0
46, -21.295, 17.16, 59.995, 0, 0, 0, 0
46, -24.801, 13.498, 59.995, 0, 0, 0, 0
46, -27.415, 9.202, 59.995, 0, 0, 0, 0
46, -29.025, 4.517, 59.995, 0, 0, 0, 0
46, -29.238, 2.585, 59.995, 0, 0, 0, 0
46, -29.525, -0.407, 59.995, 0, 0, 0, 0
46, -29.449, -1.097, 59.995, 0, 0, 0, 0
46, -29.351, -2.407, 59.995, 0, 0, 0, 0
46, -29.025, -5.363, 59.995, 0, 0, 0, 0
46, -27.415, -10.049, 59.995, 0, 0, 0, 0
46, -24.801, -14.344, 59.995, 0, 0, 0, 0
46, -21.296, -18.007, 59.995, 0, 0, 0, 0
46, -17.047, -20.867, 59.995, 0, 0, 0, 0
46, -12.239, -22.785, 59.995, 0, 0, 0, 0
46, -11.073, -22.992, 59.995, 0, 0, 0, 0
46, -7.114, -23.644, 59.995, 0, 0, 0, 0
46, -6.114, -23.609, 59.995, 0, 0, 0, 0
46, -1.94, -23.4, 59.995, 0, 0, 0, 0
46, -0.831, -23.144, 59.995, 0, 0, 0, 0
46, 0.359, -23.149, 59.995, 0, 0, 0, 0
46, 1.458, -23.4, 59.995, 0, 0, 0, 0
46, 5.635, -23.609, 59.995, 0, 0, 0, 0
46, 6.635, -23.644, 59.995, 0, 0, 0, 0
46, 10.593, -22.992, 59.995, 0, 0, 0, 0
46, 11.762, -22.784, 59.995, 0, 0, 0, 0
46, 15.293, -21.386, 59.995, 0, 0, 0, 0
46, 16.562, -20.871, 59.995, 0, 0, 0, 0
46, 20.816, -18.008, 59.995, 0, 0, 0, 0
46, 24.322, -14.342, 59.995, 0, 0, 0, 0
46, 26.936, -10.048, 59.995, 0, 0, 0, 0
46, 28.546, -5.37, 59.995, 0, 0, 0, 0
46, 28.758, -3.433, 59.995, 0, 0, 0, 0
46, 29.045, -0.44, 59.995, 0, 0, 0, 0
46, 28.969, 0.252, 59.995, 0, 0, 0, 0
46, 28.872, 1.564, 59.995, 0, 0, 0, 0
46, 28.546, 4.522, 59.995, 0, 0, 0, 0
46, 26.936, 9.201, 59.995, 0, 0, 0, 0
46, 24.321, 13.495, 59.995, 0, 0, 0, 0
46, 20.815, 17.161, 59.995, 0, 0, 0, 0
46, 16.567, 20.021, 59.995, 0, 0, 0, 0
46, 11.757, 21.938, 59.995, 0, 0, 0, 0
46, 10.59, 22.146, 59.995, 0, 0, 0, 0
46, 6.632, 22.797, 59.995, 0, 0, 0, 0
46, 5.632, 22.762, 59.995, 0, 0, 0, 0
46, 1.461, 22.554, 59.995, 0, 0, 0, 0
46, 0.358, 22.301, 59.995, 0, 0, 0, 0
47, -0.802, 22.652, 61.295, 0, 0, 0, 0
47, -1.391, 22.788, 61.295, 0, 0, 0, 0
47, -6.612, 23.038, 61.295, 0, 0, 0, 0
47, -11.782, 22.178, 61.295, 0, 0, 0, 0
47, -16.625, 20.252, 61.295, 0, 0, 0, 0
47, -20.917, 17.365, 61.295, 0, 0, 0, 0
47, -24.46, 13.665, 61.295, 0, 0, 0, 0
47, -27.104, 9.321, 61.295, 0, 0, 0, 0
47, -28.733, 4.576, 61.295, 0, 0, 0, 0
47, -28.875, 3.284, 61.295, 0, 0, 0, 0
47, -29.233, -0.45, 61.295, 0, 0, 0, 0
47, -29.134, -1.779, 61.295, 0, 0, 0, 0
47, -28.733, -5.422, 61.295, 0, 0, 0, 0
47, -27.104, -10.168, 61.295, 0, 0, 0, 0
47, -24.461, -14.511, 61.295, 0, 0, 0, 0
47, -20.918, -18.211, 61.295, 0, 0, 0, 0
47, -16.627, -21.098, 61.295, 0, 0, 0, 0
47, -11.784, -23.025, 61.295, 0, 0, 0, 0
47, -6.615, -23.886, 61.295, 0, 0, 0, 0
47, -1.389, -23.634, 61.295, 0, 0, 0, 0
47, -0.802, -23.499, 61.295, 0, 0, 0, 0
47, 0.325, -23.501, 61.295, 0, 0, 0, 0
47, 0.907, -23.634, 61.295, 0, 0, 0, 0
47, 6.136, -23.886, 61.295, 0, 0, 0, 0
47, 11.307, -23.024, 61.295, 0, 0, 0, 0
47, 15.41, -21.399, 61.295, 0, 0, 0, 0
47, 16.142, -21.102, 61.295, 0, 0, 0, 0
47, 20.438, -18.212, 61.295, 0, 0, 0, 0
47, 23.981, -14.509, 61.295, 0, 0, 0, 0
47, 26.625, -10.167, 61.295, 0, 0, 0, 0
47, 28.253, -5.428, 61.295, 0, 0, 0, 0
47, 28.395, -4.133, 61.295, 0, 0, 0, 0
47, 28.754, -0.398, 61.295, 0, 0, 0, 0
47, 28.655, 0.936, 61.295, 0, 0, 0, 0
47, 28.253, 4.58, 61.295, 0, 0, 0, 0
47, 26.624, 9.321, 61.295, 0, 0, 0, 0
47, 23.981, 13.662, 61.295, 0, 0, 0, 0
47, 20.437, 17.366, 61.295, 0, 0, 0, 0
47, 16.14, 20.256, 61.295, 0, 0, 0, 0
47, 15.408, 20.553, 61.295, 0, 0, 0, 0
47, 11.305, 22.178, 61.295, 0, 0, 0, 0
47, 6.132, 23.039, 61.295, 0, 0, 0, 0
47, 0.91, 22.788, 61.295, 0, 0, 0, 0
47, 0.325, 22.654, 61.295, 0, 0, 0, 0
48, -0.555, 23.006, 62.595, 0, 0, 0, 0
48, -6.102, 23.283, 62.595, 0, 0, 0, 0
48, -11.317, 22.422, 62.595, 0, 0, 0, 0
48, -16.205, 20.483, 62.595, 0, 0, 0, 0
48, -20.539, 17.57, 62.595, 0, 0, 0, 0
48, -24.12, 13.832, 62.595, 0, 0, 0, 0
48, -26.792, 9.441, 62.595, 0, 0, 0, 0
48, -28.436, 4.646, 62.595, 0, 0, 0, 0
48, -28.736, 1.645, 62.595, 0, 0, 0, 0
48, -28.968, -0.466, 62.595, 0, 0, 0, 0
48, -28.917, -1.152, 62.595, 0, 0, 0, 0
48, -28.44, -5.481, 62.595, 0, 0, 0, 0
48, -26.793, -10.287, 62.595, 0, 0, 0, 0
48, -24.12, -14.678, 62.595, 0, 0, 0, 0
48, -20.54, -18.416, 62.595, 0, 0, 0, 0
48, -16.207, -21.329, 62.595, 0, 0, 0, 0
48, -11.32, -23.269, 62.595, 0, 0, 0, 0
48, -6.105, -24.13, 62.595, 0, 0, 0, 0
48, -0.559, -23.853, 62.595, 0, 0, 0, 0
48, 0.08, -23.853, 62.595, 0, 0, 0, 0
48, 5.626, -24.13, 62.595, 0, 0, 0, 0
48, 10.841, -23.268, 62.595, 0, 0, 0, 0
48, 15.728, -21.329, 62.595, 0, 0, 0, 0
48, 20.06, -18.417, 62.595, 0, 0, 0, 0
48, 23.641, -14.676, 62.595, 0, 0, 0, 0
48, 26.313, -10.287, 62.595, 0, 0, 0, 0
48, 27.957, -5.497, 62.595, 0, 0, 0, 0
48, 28.256, -2.494, 62.595, 0, 0, 0, 0
48, 28.489, -0.381, 62.595, 0, 0, 0, 0
48, 28.438, 0.307, 62.595, 0, 0, 0, 0
48, 27.96, 4.639, 62.595, 0, 0, 0, 0
48, 26.313, 9.44, 62.595, 0, 0, 0, 0
48, 23.64, 13.83, 62.595, 0, 0, 0, 0
48, 20.059, 17.571, 62.595, 0, 0, 0, 0
48, 15.726, 20.482, 62.595, 0, 0, 0, 0
48, 10.838, 22.422, 62.595, 0, 0, 0, 0
48, 5.623, 23.283, 62.595, 0, 0, 0, 0
48, 0.08, 23.006, 62.595, 0, 0, 0, 0
49, -0.525, 23.348, 63.895, 0, 0, 0, 0
49, -5.615, 23.58, 63.895, 0, 0, 0, 0
49, -5.644, 23.578, 63.895, 0, 0, 0, 0
49, -10.891, 22.692, 63.895, 0, 0, 0, 0
49, -15.791, 20.725, 63.895, 0, 0, 0, 0
49, -20.159, 17.777, 63.895, 0, 0, 0, 0
49, -23.779, 13.998, 63.895, 0, 0, 0, 0
49, -26.481, 9.56, 63.895, 0, 0, 0, 0
49, -28.144, 4.705, 63.895, 0, 0, 0, 0
49, -28.22, 3.942, 63.895, 0, 0, 0, 0
49, -28.705, -0.466, 63.895, 0, 0, 0, 0
49, -28.7, -0.525, 63.895, 0, 0, 0, 0
49, -28.148, -5.54, 63.895, 0, 0, 0, 0
49, -26.481, -10.407, 63.895, 0, 0, 0, 0
49, -23.78, -14.845, 63.895, 0, 0, 0, 0
49, -20.16, -18.624, 63.895, 0, 0, 0, 0
49, -15.822, -21.555, 63.895, 0, 0, 0, 0
49, -10.879, -23.543, 63.895, 0, 0, 0, 0
49, -10.865, -23.547, 63.895, 0, 0, 0, 0
49, -5.75, -24.409, 63.895, 0, 0, 0, 0
49, -5.575, -24.425, 63.895, 0, 0, 0, 0
49, -0.525, -24.195, 63.895, 0, 0, 0, 0
49, 0.045, -24.195, 63.895, 0, 0, 0, 0
49, 5.089, -24.424, 63.895, 0, 0, 0, 0
49, 5.291, -24.406, 63.895, 0, 0, 0, 0
49, 10.388, -23.546, 63.895, 0, 0, 0, 0
49, 10.406, -23.541, 63.895, 0, 0, 0, 0
49, 15.348, -21.552, 63.895, 0, 0, 0, 0
49, 19.68, -18.624, 63.895, 0, 0, 0, 0
49, 23.301, -14.843, 63.895, 0, 0, 0, 0
49, 26.002, -10.406, 63.895, 0, 0, 0, 0
49, 27.667, -5.546, 63.895, 0, 0, 0, 0
49, 28.225, -0.383, 63.895, 0, 0, 0, 0
49, 28.221, -0.321, 63.895, 0, 0, 0, 0
49, 27.668, 4.697, 63.895, 0, 0, 0, 0
49, 26.001, 9.56, 63.895, 0, 0, 0, 0
49, 23.3, 13.997, 63.895, 0, 0, 0, 0
49, 19.679, 17.778, 63.895, 0, 0, 0, 0
49, 15.312, 20.725, 63.895, 0, 0, 0, 0
49, 10.412, 22.691, 63.895, 0, 0, 0, 0
49, 5.165, 23.578, 63.895, 0, 0, 0, 0
49, 5.136, 23.58, 63.895, 0, 0, 0, 0
49, 0.045, 23.348, 63.895, 0, 0, 0, 0
50, -0.488, 23.688, 65.195, 0, 0, 0, 0
50, -4.976, 23.886, 65.195, 0, 0, 0, 0
50, -5.395, 23.86, 65.195, 0, 0, 0, 0
50, -9.997, 23.086, 65.195, 0, 0, 0, 0
50, -10.404, 23.01, 65.195, 0, 0, 0, 0
50, -10.735, 22.904, 65.195, 0, 0, 0, 0
50, -15.175, 21.126, 65.195, 0, 0, 0, 0
50, -15.391, 21.027, 65.195, 0, 0, 0, 0
50, -19.51, 18.244, 65.195, 0, 0, 0, 0
50, -19.773, 18.082, 65.195, 0, 0, 0, 0
50, -19.853, 18.017, 65.195, 0, 0, 0, 0
50, -23.303, 14.397, 65.195, 0, 0, 0, 0
50, -23.5, 14.177, 65.195, 0, 0, 0, 0
50, -26.213, 9.688, 65.195, 0, 0, 0, 0
50, -27.896, 4.782, 65.195, 0, 0, 0, 0
50, -27.9, 4.769, 65.195, 0, 0, 0, 0
50, -27.903, 4.749, 65.195, 0, 0, 0, 0
50, -28.464, -0.374, 65.195, 0, 0, 0, 0
50, -27.894, -5.59, 65.195, 0, 0, 0, 0
50, -26.218, -10.531, 65.195, 0, 0, 0, 0
50, -26.119, -10.708, 65.195, 0, 0, 0, 0
50, -23.485, -15.054, 65.195, 0, 0, 0, 0
50, -23.465, -15.08, 65.195, 0, 0, 0, 0
50, -19.885, -18.831, 65.195, 0, 0, 0, 0
50, -19.569, -19.067, 65.195, 0, 0, 0, 0
50, -15.552, -21.784, 65.195, 0, 0, 0, 0
50, -15.109, -21.999, 65.195, 0, 0, 0, 0
50, -10.742, -23.748, 65.195, 0, 0, 0, 0
50, -10.148, -23.911, 65.195, 0, 0, 0, 0
50, -5.679, -24.665, 65.195, 0, 0, 0, 0
50, -4.916, -24.731, 65.195, 0, 0, 0, 0
50, -0.495, -24.535, 65.195, 0, 0, 0, 0
50, 0.015, -24.535, 65.195, 0, 0, 0, 0
50, 4.43, -24.73, 65.195, 0, 0, 0, 0
50, 5.258, -24.654, 65.195, 0, 0, 0, 0
50, 9.71, -23.903, 65.195, 0, 0, 0, 0
50, 10.316, -23.728, 65.195, 0, 0, 0, 0
50, 14.674, -21.982, 65.195, 0, 0, 0, 0
50, 15.094, -21.772, 65.195, 0, 0, 0, 0
50, 19.113, -19.053, 65.195, 0, 0, 0, 0
50, 19.401, -18.836, 65.195, 0, 0, 0, 0
50, 22.825, -15.241, 65.195, 0, 0, 0, 0
50, 23.021, -15.021, 65.195, 0, 0, 0, 0
50, 25.734, -10.533, 65.195, 0, 0, 0, 0
50, 27.416, -5.631, 65.195, 0, 0, 0, 0
50, 27.42, -5.618, 65.195, 0, 0, 0, 0
50, 27.423, -5.599, 65.195, 0, 0, 0, 0
50, 27.984, -0.473, 65.195, 0, 0, 0, 0
50, 27.414, 4.746, 65.195, 0, 0, 0, 0
50, 25.738, 9.684, 65.195, 0, 0, 0, 0
50, 25.639, 9.861, 65.195, 0, 0, 0, 0
50, 23.005, 14.207, 65.195, 0, 0, 0, 0
50, 22.984, 14.233, 65.195, 0, 0, 0, 0
50, 19.374, 18.017, 65.195, 0, 0, 0, 0
50, 19.256, 18.113, 65.195, 0, 0, 0, 0
50, 15.208, 20.85, 65.195, 0, 0, 0, 0
50, 14.955, 21.007, 65.195, 0, 0, 0, 0
50, 14.696, 21.126, 65.195, 0, 0, 0, 0
50, 10.256, 22.904, 65.195, 0, 0, 0, 0
50, 9.946, 23.003, 65.195, 0, 0, 0, 0
50, 5.432, 23.761, 65.195, 0, 0, 0, 0
50, 4.894, 23.862, 65.195, 0, 0, 0, 0
50, 4.496, 23.886, 65.195, 0, 0, 0, 0
50, 0.015, 23.688, 65.195, 0, 0, 0, 0
51, -0.466, 24.024, 66.495, 0, 0, 0, 0
51, -4.337, 24.193, 66.495, 0, 0, 0, 0
51, -5.145, 24.143, 66.495, 0, 0, 0, 0
51, -9.111, 23.476, 66.495, 0, 0, 0, 0
51, -9.911, 23.326, 66.495, 0, 0, 0, 0
51, -10.624, 23.099, 66.495, 0, 0, 0, 0
51, -14.451, 21.567, 66.495, 0, 0, 0, 0
51, -15.041, 21.295, 66.495, 0, 0, 0, 0
51, -18.591, 18.897, 66.495, 0, 0, 0, 0
51, -19.214, 18.511, 66.495, 0, 0, 0, 0
51, -19.625, 18.181, 66.495, 0, 0, 0, 0
51, -22.594, 15.065, 66.495, 0, 0, 0, 0
51, -23.272, 14.306, 66.495, 0, 0, 0, 0
51, -25.512, 10.61, 66.495, 0, 0, 0, 0
51, -25.964, 9.834, 66.495, 0, 0, 0, 0
51, -27.386, 5.665, 66.495, 0, 0, 0, 0
51, -27.576, 5.188, 66.495, 0, 0, 0, 0
51, -27.67, 4.853, 66.495, 0, 0, 0, 0
51, -27.74, 4.436, 66.495, 0, 0, 0, 0
51, -28.226, -0.007, 66.495, 0, 0, 0, 0
51, -28.246, -0.361, 66.495, 0, 0, 0, 0
51, -27.672, -5.649, 66.495, 0, 0, 0, 0
51, -27.408, -6.482, 66.495, 0, 0, 0, 0
51, -26.009, -10.584, 66.495, 0, 0, 0, 0
51, -25.55, -11.406, 66.495, 0, 0, 0, 0
51, -23.286, -15.143, 66.495, 0, 0, 0, 0
51, -23.031, -15.467, 66.495, 0, 0, 0, 0
51, -19.658, -18.994, 66.495, 0, 0, 0, 0
51, -18.8, -19.634, 66.495, 0, 0, 0, 0
51, -15.353, -21.966, 66.495, 0, 0, 0, 0
51, -14.346, -22.454, 66.495, 0, 0, 0, 0
51, -10.604, -23.953, 66.495, 0, 0, 0, 0
51, -9.431, -24.275, 66.495, 0, 0, 0, 0
51, -5.608, -24.92, 66.495, 0, 0, 0, 0
51, -4.259, -25.037, 66.495, 0, 0, 0, 0
51, -0.466, -24.871, 66.495, 0, 0, 0, 0
51, -0.014, -24.871, 66.495, 0, 0, 0, 0
51, 3.773, -25.036, 66.495, 0, 0, 0, 0
51, 5.224, -24.902, 66.495, 0, 0, 0, 0
51, 9.032, -24.26, 66.495, 0, 0, 0, 0
51, 10.223, -23.915, 66.495, 0, 0, 0, 0
51, 13.959, -22.418, 66.495, 0, 0, 0, 0
51, 14.921, -21.937, 66.495, 0, 0, 0, 0
51, 18.372, -19.603, 66.495, 0, 0, 0, 0
51, 19.173, -18.999, 66.495, 0, 0, 0, 0
51, 22.116, -15.909, 66.495, 0, 0, 0, 0
51, 22.793, -15.15, 66.495, 0, 0, 0, 0
51, 25.033, -11.455, 66.495, 0, 0, 0, 0
51, 25.485, -10.68, 66.495, 0, 0, 0, 0
51, 26.907, -6.514, 66.495, 0, 0, 0, 0
51, 27.096, -6.037, 66.495, 0, 0, 0, 0
51, 27.19, -5.702, 66.495, 0, 0, 0, 0
51, 27.26, -5.285, 66.495, 0, 0, 0, 0
51, 27.746, -0.84, 66.495, 0, 0, 0, 0
51, 27.766, -0.487, 66.495, 0, 0, 0, 0
51, 27.193, 4.804, 66.495, 0, 0, 0, 0
51, 26.929, 5.637, 66.495, 0, 0, 0, 0
51, 25.53, 9.737, 66.495, 0, 0, 0, 0
51, 25.07, 10.559, 66.495, 0, 0, 0, 0
51, 22.805, 14.296, 66.495, 0, 0, 0, 0
51, 22.55, 14.62, 66.495, 0, 0, 0, 0
51, 19.147, 18.179, 66.495, 0, 0, 0, 0
51, 18.697, 18.541, 66.495, 0, 0, 0, 0
51, 15.209, 20.901, 66.495, 0, 0, 0, 0
51, 14.605, 21.275, 66.495, 0, 0, 0, 0
51, 13.971, 21.567, 66.495, 0, 0, 0, 0
51, 10.145, 23.099, 66.495, 0, 0, 0, 0
51, 9.453, 23.319, 66.495, 0, 0, 0, 0
51, 5.564, 23.972, 66.495, 0, 0, 0, 0
51, 4.644, 24.144, 66.495, 0, 0, 0, 0
51, 3.857, 24.193, 66.495, 0, 0, 0, 0
51, -0.014, 24.024, 66.495, 0, 0, 0, 0
52, -0.437, 24.36, 67.795, 0, 0, 0, 0
52, -3.699, 24.5, 67.795, 0, 0, 0, 0
52, -4.895, 24.426, 67.795, 0, 0, 0, 0
52, -8.225, 23.865, 67.795, 0, 0, 0, 0
52, -9.418, 23.642, 67.795, 0, 0, 0, 0
52, -10.513, 23.294, 67.795, 0, 0, 0, 0
52, -13.726, 22.007, 67.795, 0, 0, 0, 0
52, -14.691, 21.563, 67.795, 0, 0, 0, 0
52, -17.673, 19.549, 67.795, 0, 0, 0, 0
52, -18.656, 18.94, 67.795, 0, 0, 0, 0
52, -19.397, 18.344, 67.795, 0, 0, 0, 0
52, -21.885, 15.733, 67.795, 0, 0, 0, 0
52, -23.042, 14.436, 67.795, 0, 0, 0, 0
52, -24.913, 11.351, 67.795, 0, 0, 0, 0
52, -25.723, 9.962, 67.795, 0, 0, 0, 0
52, -26.912, 6.476, 67.795, 0, 0, 0, 0
52, -27.24, 5.65, 67.795, 0, 0, 0, 0
52, -27.44, 4.938, 67.795, 0, 0, 0, 0
52, -27.576, 4.123, 67.795, 0, 0, 0, 0
52, -27.983, 0.406, 67.795, 0, 0, 0, 0
52, -28.026, -0.362, 67.795, 0, 0, 0, 0
52, -27.453, -5.684, 67.795, 0, 0, 0, 0
52, -26.966, -7.22, 67.795, 0, 0, 0, 0
52, -25.8, -10.639, 67.795, 0, 0, 0, 0
52, -24.981, -12.105, 67.795, 0, 0, 0, 0
52, -23.086, -15.232, 67.795, 0, 0, 0, 0
52, -22.595, -15.857, 67.795, 0, 0, 0, 0
52, -20.102, -18.475, 67.795, 0, 0, 0, 0
52, -19.442, -19.148, 67.795, 0, 0, 0, 0
52, -18.031, -20.201, 67.795, 0, 0, 0, 0
52, -15.153, -22.148, 67.795, 0, 0, 0, 0
52, -13.583, -22.909, 67.795, 0, 0, 0, 0
52, -10.465, -24.158, 67.795, 0, 0, 0, 0
52, -8.714, -24.639, 67.795, 0, 0, 0, 0
52, -5.537, -25.175, 67.795, 0, 0, 0, 0
52, -3.601, -25.343, 67.795, 0, 0, 0, 0
52, -0.437, -25.207, 67.795, 0, 0, 0, 0
52, -0.043, -25.207, 67.795, 0, 0, 0, 0
52, 3.115, -25.342, 67.795, 0, 0, 0, 0
52, 5.191, -25.15, 67.795, 0, 0, 0, 0
52, 8.354, -24.616, 67.795, 0, 0, 0, 0
52, 10.131, -24.102, 67.795, 0, 0, 0, 0
52, 13.244, -22.855, 67.795, 0, 0, 0, 0
52, 14.749, -22.102, 67.795, 0, 0, 0, 0
52, 17.631, -20.153, 67.795, 0, 0, 0, 0
52, 18.945, -19.163, 67.795, 0, 0, 0, 0
52, 21.406, -16.578, 67.795, 0, 0, 0, 0
52, 22.564, -15.281, 67.795, 0, 0, 0, 0
52, 24.434, -12.196, 67.795, 0, 0, 0, 0
52, 25.244, -10.807, 67.795, 0, 0, 0, 0
52, 26.432, -7.324, 67.795, 0, 0, 0, 0
52, 26.761, -6.498, 67.795, 0, 0, 0, 0
52, 26.961, -5.786, 67.795, 0, 0, 0, 0
52, 27.097, -4.972, 67.795, 0, 0, 0, 0
52, 27.504, -1.253, 67.795, 0, 0, 0, 0
52, 27.546, -0.486, 67.795, 0, 0, 0, 0
52, 26.974, 4.838, 67.795, 0, 0, 0, 0
52, 26.487, 6.374, 67.795, 0, 0, 0, 0
52, 25.321, 9.792, 67.795, 0, 0, 0, 0
52, 24.501, 11.258, 67.795, 0, 0, 0, 0
52, 22.605, 14.385, 67.795, 0, 0, 0, 0
52, 22.114, 15.01, 67.795, 0, 0, 0, 0
52, 19.621, 17.629, 67.795, 0, 0, 0, 0
52, 18.931, 18.333, 67.795, 0, 0, 0, 0
52, 18.139, 18.97, 67.795, 0, 0, 0, 0
52, 15.21, 20.952, 67.795, 0, 0, 0, 0
52, 14.255, 21.543, 67.795, 0, 0, 0, 0
52, 13.246, 22.007, 67.795, 0, 0, 0, 0
52, 10.034, 23.294, 67.795, 0, 0, 0, 0
52, 8.96, 23.635, 67.795, 0, 0, 0, 0
52, 5.696, 24.184, 67.795, 0, 0, 0, 0
52, 4.394, 24.427, 67.795, 0, 0, 0, 0
52, 3.219, 24.5, 67.795, 0, 0, 0, 0
52, -0.043, 24.36, 67.795, 0, 0, 0, 0
53, -3.056, 24.807, 69.095, 0, 0, 0, 0
53, -4.646, 24.708, 69.095, 0, 0, 0, 0
53, -7.338, 24.255, 69.095, 0, 0, 0, 0
53, -8.926, 23.958, 69.095, 0, 0, 0, 0
53, -10.402, 23.488, 69.095, 0, 0, 0, 0
53, -13.001, 22.448, 69.095, 0, 0, 0, 0
53, -14.341, 21.831, 69.095, 0, 0, 0, 0
53, -16.754, 20.201, 69.095, 0, 0, 0, 0
53, -18.098, 19.369, 69.095, 0, 0, 0, 0
53, -19.169, 18.507, 69.095, 0, 0, 0, 0
53, -21.176, 16.401, 69.095, 0, 0, 0, 0
53, -22.813, 14.566, 69.095, 0, 0, 0, 0
53, -24.313, 12.091, 69.095, 0, 0, 0, 0
53, -25.481, 10.089, 69.095, 0, 0, 0, 0
53, -26.437, 7.287, 69.095, 0, 0, 0, 0
53, -26.905, 6.111, 69.095, 0, 0, 0, 0
53, -27.21, 5.022, 69.095, 0, 0, 0, 0
53, -27.413, 3.81, 69.095, 0, 0, 0, 0
53, -27.741, 0.818, 69.095, 0, 0, 0, 0
53, -27.806, -0.363, 69.095, 0, 0, 0, 0
53, -27.234, -5.718, 69.095, 0, 0, 0, 0
53, -26.524, -7.959, 69.095, 0, 0, 0, 0
53, -25.591, -10.694, 69.095, 0, 0, 0, 0
53, -24.412, -12.803, 69.095, 0, 0, 0, 0
53, -22.886, -15.321, 69.095, 0, 0, 0, 0
53, -22.16, -16.245, 69.095, 0, 0, 0, 0
53, -20.144, -18.362, 69.095, 0, 0, 0, 0
53, -19.213, -19.311, 69.095, 0, 0, 0, 0
53, -17.262, -20.768, 69.095, 0, 0, 0, 0
53, -14.953, -22.33, 69.095, 0, 0, 0, 0
53, -12.819, -23.364, 69.095, 0, 0, 0, 0
53, -10.326, -24.363, 69.095, 0, 0, 0, 0
53, -7.997, -25.003, 69.095, 0, 0, 0, 0
53, -5.465, -25.43, 69.095, 0, 0, 0, 0
53, -2.939, -25.649, 69.095, 0, 0, 0, 0
53, -0.118, -25.541, 69.095, 0, 0, 0, 0
53, 2.456, -25.648, 69.095, 0, 0, 0, 0
53, 5.158, -25.398, 69.095, 0, 0, 0, 0
53, 7.676, -24.973, 69.095, 0, 0, 0, 0
53, 10.038, -24.289, 69.095, 0, 0, 0, 0
53, 12.528, -23.292, 69.095, 0, 0, 0, 0
53, 14.577, -22.268, 69.095, 0, 0, 0, 0
53, 16.891, -20.702, 69.095, 0, 0, 0, 0
53, 18.716, -19.326, 69.095, 0, 0, 0, 0
53, 20.697, -17.246, 69.095, 0, 0, 0, 0
53, 22.335, -15.411, 69.095, 0, 0, 0, 0
53, 23.835, -12.937, 69.095, 0, 0, 0, 0
53, 25.002, -10.934, 69.095, 0, 0, 0, 0
53, 25.958, -8.135, 69.095, 0, 0, 0, 0
53, 26.425, -6.959, 69.095, 0, 0, 0, 0
53, 26.731, -5.87, 69.095, 0, 0, 0, 0
53, 26.934, -4.659, 69.095, 0, 0, 0, 0
53, 27.261, -1.665, 69.095, 0, 0, 0, 0
53, 27.327, -0.485, 69.095, 0, 0, 0, 0
53, 26.755, 4.871, 69.095, 0, 0, 0, 0
53, 26.044, 7.112, 69.095, 0, 0, 0, 0
53, 25.111, 9.847, 69.095, 0, 0, 0, 0
53, 23.931, 11.957, 69.095, 0, 0, 0, 0
53, 22.406, 14.474, 69.095, 0, 0, 0, 0
53, 21.68, 15.398, 69.095, 0, 0, 0, 0
53, 19.662, 17.517, 69.095, 0, 0, 0, 0
53, 18.703, 18.496, 69.095, 0, 0, 0, 0
53, 17.581, 19.399, 69.095, 0, 0, 0, 0
53, 15.211, 21.002, 69.095, 0, 0, 0, 0
53, 13.905, 21.811, 69.095, 0, 0, 0, 0
53, 12.522, 22.448, 69.095, 0, 0, 0, 0
53, 9.923, 23.488, 69.095, 0, 0, 0, 0
53, 8.467, 23.952, 69.095, 0, 0, 0, 0
53, 5.828, 24.395, 69.095, 0, 0, 0, 0
53, 4.144, 24.71, 69.095, 0, 0, 0, 0
53, 2.579, 24.806, 69.095, 0, 0, 0, 0
53, -0.118, 24.693, 69.095, 0, 0, 0, 0
54, -2.417, 25.113, 70.395, 0, 0, 0, 0
54, -4.396, 24.991, 70.395, 0, 0, 0, 0
54, -6.452, 24.645, 70.395, 0, 0, 0, 0
54, -8.433, 24.275, 70.395, 0, 0, 0, 0
54, -10.291, 23.683, 70.395, 0, 0, 0, 0
54, -12.277, 22.888, 70.395, 0, 0, 0, 0
54, -13.991, 22.099, 70.395, 0, 0, 0, 0
54, -15.835, 20.853, 70.395, 0, 0, 0, 0
54, -17.539, 19.798, 70.395, 0, 0, 0, 0
54, -18.941, 18.67, 70.395, 0, 0, 0, 0
54, -20.467, 17.068, 70.395, 0, 0, 0, 0
54, -22.584, 14.697, 70.395, 0, 0, 0, 0
54, -23.714, 12.832, 70.395, 0, 0, 0, 0
54, -25.24, 10.216, 70.395, 0, 0, 0, 0
54, -25.962, 8.098, 70.395, 0, 0, 0, 0
54, -26.569, 6.572, 70.395, 0, 0, 0, 0
54, -26.98, 5.107, 70.395, 0, 0, 0, 0
54, -27.25, 3.497, 70.395, 0, 0, 0, 0
54, -27.498, 1.231, 70.395, 0, 0, 0, 0
54, -27.587, -0.363, 70.395, 0, 0, 0, 0
54, -27.015, -5.753, 70.395, 0, 0, 0, 0
54, -26.081, -8.697, 70.395, 0, 0, 0, 0
54, -25.382, -10.75, 70.395, 0, 0, 0, 0
54, -23.842, -13.502, 70.395, 0, 0, 0, 0
54, -22.687, -15.409, 70.395, 0, 0, 0, 0
54, -21.726, -16.633, 70.395, 0, 0, 0, 0
54, -20.186, -18.249, 70.395, 0, 0, 0, 0
54, -18.985, -19.475, 70.395, 0, 0, 0, 0
54, -16.493, -21.335, 70.395, 0, 0, 0, 0
54, -14.753, -22.512, 70.395, 0, 0, 0, 0
54, -12.056, -23.819, 70.395, 0, 0, 0, 0
54, -10.187, -24.568, 70.395, 0, 0, 0, 0
54, -7.28, -25.367, 70.395, 0, 0, 0, 0
54, -5.394, -25.685, 70.395, 0, 0, 0, 0
54, -2.281, -25.955, 70.395, 0, 0, 0, 0
54, -0.145, -25.874, 70.395, 0, 0, 0, 0
54, 1.799, -25.954, 70.395, 0, 0, 0, 0
54, 5.124, -25.646, 70.395, 0, 0, 0, 0
54, 6.998, -25.33, 70.395, 0, 0, 0, 0
54, 9.946, -24.476, 70.395, 0, 0, 0, 0
54, 11.813, -23.728, 70.395, 0, 0, 0, 0
54, 14.404, -22.433, 70.395, 0, 0, 0, 0
54, 16.15, -21.252, 70.395, 0, 0, 0, 0
54, 18.488, -19.489, 70.395, 0, 0, 0, 0
54, 19.988, -17.914, 70.395, 0, 0, 0, 0
54, 22.105, -15.542, 70.395, 0, 0, 0, 0
54, 23.235, -13.678, 70.395, 0, 0, 0, 0
54, 24.761, -11.061, 70.395, 0, 0, 0, 0
54, 25.483, -8.945, 70.395, 0, 0, 0, 0
54, 26.09, -7.419, 70.395, 0, 0, 0, 0
54, 26.501, -5.955, 70.395, 0, 0, 0, 0
54, 26.77, -4.345, 70.395, 0, 0, 0, 0
54, 27.018, -2.078, 70.395, 0, 0, 0, 0
54, 27.107, -0.484, 70.395, 0, 0, 0, 0
54, 26.536, 4.905, 70.395, 0, 0, 0, 0
54, 25.602, 7.85, 70.395, 0, 0, 0, 0
54, 24.902, 9.901, 70.395, 0, 0, 0, 0
54, 23.362, 12.656, 70.395, 0, 0, 0, 0
54, 22.206, 14.563, 70.395, 0, 0, 0, 0
54, 21.245, 15.786, 70.395, 0, 0, 0, 0
54, 19.705, 17.404, 70.395, 0, 0, 0, 0
54, 18.475, 18.659, 70.395, 0, 0, 0, 0
54, 17.022, 19.828, 70.395, 0, 0, 0, 0
54, 15.212, 21.053, 70.395, 0, 0, 0, 0
54, 13.555, 22.079, 70.395, 0, 0, 0, 0
54, 11.797, 22.888, 70.395, 0, 0, 0, 0
54, 9.812, 23.683, 70.395, 0, 0, 0, 0
54, 7.974, 24.268, 70.395, 0, 0, 0, 0
54, 5.96, 24.606, 70.395, 0, 0, 0, 0
54, 3.894, 24.993, 70.395, 0, 0, 0, 0
54, 1.941, 25.113, 70.395, 0, 0, 0, 0
54, -0.146, 25.027, 70.395, 0, 0, 0, 0
55, -1.78, 25.42, 71.695, 0, 0, 0, 0
55, -4.146, 25.274, 71.695, 0, 0, 0, 0
55, -5.565, 25.035, 71.695, 0, 0, 0, 0
55, -7.94, 24.591, 71.695, 0, 0, 0, 0
55, -10.18, 23.878, 71.695, 0, 0, 0, 0
55, -11.552, 23.329, 71.695, 0, 0, 0, 0
55, -13.642, 22.367, 71.695, 0, 0, 0, 0
55, -14.917, 21.506, 71.695, 0, 0, 0, 0
55, -16.981, 20.227, 71.695, 0, 0, 0, 0
55, -18.712, 18.833, 71.695, 0, 0, 0, 0
55, -19.758, 17.736, 71.695, 0, 0, 0, 0
55, -22.355, 14.827, 71.695, 0, 0, 0, 0
55, -23.115, 13.573, 71.695, 0, 0, 0, 0
55, -24.999, 10.343, 71.695, 0, 0, 0, 0
55, -25.488, 8.909, 71.695, 0, 0, 0, 0
55, -26.233, 7.034, 71.695, 0, 0, 0, 0
55, -26.751, 5.192, 71.695, 0, 0, 0, 0
55, -27.087, 3.184, 71.695, 0, 0, 0, 0
55, -27.255, 1.644, 71.695, 0, 0, 0, 0
55, -27.367, -0.364, 71.695, 0, 0, 0, 0
55, -26.796, -5.788, 71.695, 0, 0, 0, 0
55, -25.639, -9.436, 71.695, 0, 0, 0, 0
55, -25.172, -10.805, 71.695, 0, 0, 0, 0
55, -23.273, -14.201, 71.695, 0, 0, 0, 0
55, -22.487, -15.498, 71.695, 0, 0, 0, 0
55, -21.291, -17.021, 71.695, 0, 0, 0, 0
55, -20.228, -18.137, 71.695, 0, 0, 0, 0
55, -18.757, -19.638, 71.695, 0, 0, 0, 0
55, -15.723, -21.903, 71.695, 0, 0, 0, 0
55, -14.553, -22.694, 71.695, 0, 0, 0, 0
55, -11.293, -24.274, 71.695, 0, 0, 0, 0
55, -10.048, -24.773, 71.695, 0, 0, 0, 0
55, -6.562, -25.731, 71.695, 0, 0, 0, 0
55, -5.323, -25.94, 71.695, 0, 0, 0, 0
55, -1.628, -26.261, 71.695, 0, 0, 0, 0
55, -0.309, -26.206, 71.695, 0, 0, 0, 0
55, 1.137, -26.261, 71.695, 0, 0, 0, 0
55, 5.091, -25.894, 71.695, 0, 0, 0, 0
55, 6.32, -25.686, 71.695, 0, 0, 0, 0
55, 9.853, -24.664, 71.695, 0, 0, 0, 0
55, 11.098, -24.165, 71.695, 0, 0, 0, 0
55, 14.232, -22.598, 71.695, 0, 0, 0, 0
55, 15.409, -21.802, 71.695, 0, 0, 0, 0
55, 18.26, -19.652, 71.695, 0, 0, 0, 0
55, 19.279, -18.582, 71.695, 0, 0, 0, 0
55, 21.876, -15.672, 71.695, 0, 0, 0, 0
55, 22.636, -14.418, 71.695, 0, 0, 0, 0
55, 24.52, -11.188, 71.695, 0, 0, 0, 0
55, 25.009, -9.755, 71.695, 0, 0, 0, 0
55, 25.754, -7.88, 71.695, 0, 0, 0, 0
55, 26.271, -6.039, 71.695, 0, 0, 0, 0
55, 26.607, -4.032, 71.695, 0, 0, 0, 0
55, 26.776, -2.491, 71.695, 0, 0, 0, 0
55, 26.887, -0.483, 71.695, 0, 0, 0, 0
55, 26.317, 4.939, 71.695, 0, 0, 0, 0
55, 25.16, 8.588, 71.695, 0, 0, 0, 0
55, 24.693, 9.956, 71.695, 0, 0, 0, 0
55, 22.793, 13.354, 71.695, 0, 0, 0, 0
55, 22.006, 14.652, 71.695, 0, 0, 0, 0
55, 20.811, 16.174, 71.695, 0, 0, 0, 0
55, 19.747, 17.291, 71.695, 0, 0, 0, 0
55, 18.247, 18.822, 71.695, 0, 0, 0, 0
55, 16.464, 20.257, 71.695, 0, 0, 0, 0
55, 15.212, 21.104, 71.695, 0, 0, 0, 0
55, 13.205, 22.347, 71.695, 0, 0, 0, 0
55, 11.072, 23.329, 71.695, 0, 0, 0, 0
55, 9.701, 23.878, 71.695, 0, 0, 0, 0
55, 7.481, 24.584, 71.695, 0, 0, 0, 0
55, 6.092, 24.818, 71.695, 0, 0, 0, 0
55, 3.644, 25.275, 71.695, 0, 0, 0, 0
55, 1.303, 25.42, 71.695, 0, 0, 0, 0
55, -0.172, 25.359, 71.695, 0, 0, 0, 0
56, -1.142, 25.727, 72.995, 0, 0, 0, 0
56, -3.897, 25.556, 72.995, 0, 0, 0, 0
56, -4.679, 25.425, 72.995, 0, 0, 0, 0
56, -7.448, 24.907, 72.995, 0, 0, 0, 0
56, -10.07, 24.073, 72.995, 0, 0, 0, 0
56, -10.827, 23.769, 72.995, 0, 0, 0, 0
56, -13.292, 22.635, 72.995, 0, 0, 0, 0
56, -13.998, 22.158, 72.995, 0, 0, 0, 0
56, -16.423, 20.656, 72.995, 0, 0, 0, 0
56, -18.484, 18.996, 72.995, 0, 0, 0, 0
56, -19.049, 18.404, 72.995, 0, 0, 0, 0
56, -22.125, 14.957, 72.995, 0, 0, 0, 0
56, -22.516, 14.313, 72.995, 0, 0, 0, 0
56, -24.757, 10.47, 72.995, 0, 0, 0, 0
56, -25.013, 9.72, 72.995, 0, 0, 0, 0
56, -25.898, 7.495, 72.995, 0, 0, 0, 0
56, -26.521, 5.276, 72.995, 0, 0, 0, 0
56, -26.923, 2.871, 72.995, 0, 0, 0, 0
56, -27.013, 2.056, 72.995, 0, 0, 0, 0
56, -27.147, -0.365, 72.995, 0, 0, 0, 0
56, -26.577, -5.823, 72.995, 0, 0, 0, 0
56, -25.197, -10.174, 72.995, 0, 0, 0, 0
56, -24.963, -10.86, 72.995, 0, 0, 0, 0
56, -22.704, -14.899, 72.995, 0, 0, 0, 0
56, -22.287, -15.587, 72.995, 0, 0, 0, 0
56, -20.857, -17.409, 72.995, 0, 0, 0, 0
56, -20.271, -18.024, 72.995, 0, 0, 0, 0
56, -18.529, -19.802, 72.995, 0, 0, 0, 0
56, -14.954, -22.47, 72.995, 0, 0, 0, 0
56, -14.353, -22.876, 72.995, 0, 0, 0, 0
56, -10.529, -24.729, 72.995, 0, 0, 0, 0
56, -9.91, -24.978, 72.995, 0, 0, 0, 0
56, -5.845, -26.095, 72.995, 0, 0, 0, 0
56, -5.252, -26.195, 72.995, 0, 0, 0, 0
56, -0.972, -26.566, 72.995, 0, 0, 0, 0
56, -0.283, -26.538, 72.995, 0, 0, 0, 0
56, 0.48, -26.567, 72.995, 0, 0, 0, 0
56, 5.058, -26.142, 72.995, 0, 0, 0, 0
56, 5.643, -26.043, 72.995, 0, 0, 0, 0
56, 9.761, -24.851, 72.995, 0, 0, 0, 0
56, 10.383, -24.602, 72.995, 0, 0, 0, 0
56, 14.059, -22.764, 72.995, 0, 0, 0, 0
56, 14.669, -22.351, 72.995, 0, 0, 0, 0
56, 18.032, -19.816, 72.995, 0, 0, 0, 0
56, 18.57, -19.25, 72.995, 0, 0, 0, 0
56, 21.647, -15.803, 72.995, 0, 0, 0, 0
56, 22.037, -15.159, 72.995, 0, 0, 0, 0
56, 24.279, -11.315, 72.995, 0, 0, 0, 0
56, 24.534, -10.566, 72.995, 0, 0, 0, 0
56, 25.419, -8.341, 72.995, 0, 0, 0, 0
56, 26.041, -6.123, 72.995, 0, 0, 0, 0
56, 26.444, -3.718, 72.995, 0, 0, 0, 0
56, 26.533, -2.903, 72.995, 0, 0, 0, 0
56, 26.668, -0.482, 72.995, 0, 0, 0, 0
56, 26.098, 4.972, 72.995, 0, 0, 0, 0
56, 24.718, 9.326, 72.995, 0, 0, 0, 0
56, 24.484, 10.011, 72.995, 0, 0, 0, 0
56, 22.223, 14.053, 72.995, 0, 0, 0, 0
56, 21.807, 14.741, 72.995, 0, 0, 0, 0
56, 20.376, 16.562, 72.995, 0, 0, 0, 0
56, 19.789, 17.179, 72.995, 0, 0, 0, 0
56, 18.019, 18.985, 72.995, 0, 0, 0, 0
56, 15.906, 20.686, 72.995, 0, 0, 0, 0
56, 15.213, 21.155, 72.995, 0, 0, 0, 0
56, 12.855, 22.615, 72.995, 0, 0, 0, 0
56, 10.347, 23.769, 72.995, 0, 0, 0, 0
56, 9.59, 24.073, 72.995, 0, 0, 0, 0
56, 6.988, 24.9, 72.995, 0, 0, 0, 0
56, 6.224, 25.029, 72.995, 0, 0, 0, 0
56, 3.394, 25.558, 72.995, 0, 0, 0, 0
56, 0.665, 25.726, 72.995, 0, 0, 0, 0
56, -0.199, 25.691, 72.995, 0, 0, 0, 0
57, -0.504, 26.033, 74.295, 0, 0, 0, 0
57, -3.627, 25.84, 74.295, 0, 0, 0, 0
57, -6.957, 25.223, 74.295, 0, 0, 0, 0
57, -9.959, 24.267, 74.295, 0, 0, 0, 0
57, -10.102, 24.21, 74.295, 0, 0, 0, 0
57, -12.942, 22.903, 74.295, 0, 0, 0, 0
57, -13.079, 22.81, 74.295, 0, 0, 0, 0
57, -15.865, 21.085, 74.295, 0, 0, 0, 0
57, -18.227, 19.183, 74.295, 0, 0, 0, 0
57, -21.884, 15.1, 74.295, 0, 0, 0, 0
57, -24.516, 10.596, 74.295, 0, 0, 0, 0
57, -24.538, 10.531, 74.295, 0, 0, 0, 0
57, -25.562, 7.957, 74.295, 0, 0, 0, 0
57, -26.291, 5.361, 74.295, 0, 0, 0, 0
57, -26.76, 2.559, 74.295, 0, 0, 0, 0
57, -26.77, 2.469, 74.295, 0, 0, 0, 0
57, -26.928, -0.366, 74.295, 0, 0, 0, 0
57, -26.358, -5.856, 74.295, 0, 0, 0, 0
57, -24.741, -10.937, 74.295, 0, 0, 0, 0
57, -22.135, -15.598, 74.295, 0, 0, 0, 0
57, -22.088, -15.676, 74.295, 0, 0, 0, 0
57, -20.432, -17.784, 74.295, 0, 0, 0, 0
57, -18.299, -19.966, 74.295, 0, 0, 0, 0
57, -14.185, -23.037, 74.295, 0, 0, 0, 0
57, -14.153, -23.058, 74.295, 0, 0, 0, 0
57, -9.769, -25.183, 74.295, 0, 0, 0, 0
57, -5.151, -26.452, 74.295, 0, 0, 0, 0
57, -0.265, -26.877, 74.295, 0, 0, 0, 0
57, -0.222, -26.877, 74.295, 0, 0, 0, 0
57, 4.988, -26.393, 74.295, 0, 0, 0, 0
57, 9.668, -25.038, 74.295, 0, 0, 0, 0
57, 13.887, -22.929, 74.295, 0, 0, 0, 0
57, 13.928, -22.901, 74.295, 0, 0, 0, 0
57, 17.774, -20.001, 74.295, 0, 0, 0, 0
57, 21.405, -15.946, 74.295, 0, 0, 0, 0
57, 24.038, -11.441, 74.295, 0, 0, 0, 0
57, 24.06, -11.376, 74.295, 0, 0, 0, 0
57, 25.083, -8.802, 74.295, 0, 0, 0, 0
57, 25.811, -6.207, 74.295, 0, 0, 0, 0
57, 26.28, -3.405, 74.295, 0, 0, 0, 0
57, 26.29, -3.316, 74.295, 0, 0, 0, 0
57, 26.448, -0.481, 74.295, 0, 0, 0, 0
57, 25.879, 5.005, 74.295, 0, 0, 0, 0
57, 24.263, 10.086, 74.295, 0, 0, 0, 0
57, 21.582, 14.861, 74.295, 0, 0, 0, 0
57, 19.951, 16.938, 74.295, 0, 0, 0, 0
57, 17.79, 19.149, 74.295, 0, 0, 0, 0
57, 15.348, 21.115, 74.295, 0, 0, 0, 0
57, 15.214, 21.205, 74.295, 0, 0, 0, 0
57, 12.505, 22.883, 74.295, 0, 0, 0, 0
57, 9.622, 24.21, 74.295, 0, 0, 0, 0
57, 9.479, 24.267, 74.295, 0, 0, 0, 0
57, 6.476, 25.223, 74.295, 0, 0, 0, 0
57, 3.145, 25.841, 74.295, 0, 0, 0, 0
57, 0.026, 26.033, 74.295, 0, 0, 0, 0
57, -0.225, 26.023, 74.295, 0, 0, 0, 0
58, -0.592, 26.151, 75.595, 0, 0, 0, 0
58, -3.502, 25.971, 75.595, 0, 0, 0, 0
58, -6.373, 25.434, 75.595, 0, 0, 0, 0
58, -7.054, 25.266, 75.595, 0, 0, 0, 0
58, -9.826, 24.384, 75.595, 0, 0, 0, 0
58, -12.484, 23.16, 75.595, 0, 0, 0, 0
58, -13.106, 22.834, 75.595, 0, 0, 0, 0
58, -15.575, 21.305, 75.595, 0, 0, 0, 0
58, -17.858, 19.467, 75.595, 0, 0, 0, 0
58, -18.347, 19.034, 75.595, 0, 0, 0, 0
58, -21.653, 15.327, 75.595, 0, 0, 0, 0
58, -21.948, 14.9, 75.595, 0, 0, 0, 0
58, -24.377, 10.729, 75.595, 0, 0, 0, 0
58, -25.496, 7.884, 75.595, 0, 0, 0, 0
58, -26.181, 5.441, 75.595, 0, 0, 0, 0
58, -26.612, 2.861, 75.595, 0, 0, 0, 0
58, -26.772, -0.014, 75.595, 0, 0, 0, 0
58, -26.825, -0.445, 75.595, 0, 0, 0, 0
58, -26.299, -5.537, 75.595, 0, 0, 0, 0
58, -26.251, -5.931, 75.595, 0, 0, 0, 0
58, -24.753, -10.669, 75.595, 0, 0, 0, 0
58, -24.597, -11.082, 75.595, 0, 0, 0, 0
58, -22.187, -15.399, 75.595, 0, 0, 0, 0
58, -20.563, -17.463, 75.595, 0, 0, 0, 0
58, -20.184, -18.013, 75.595, 0, 0, 0, 0
58, -18.389, -19.844, 75.595, 0, 0, 0, 0
58, -17.89, -20.286, 75.595, 0, 0, 0, 0
58, -14.153, -23.08, 75.595, 0, 0, 0, 0
58, -13.687, -23.325, 75.595, 0, 0, 0, 0
58, -9.654, -25.291, 75.595, 0, 0, 0, 0
58, -5.27, -26.514, 75.595, 0, 0, 0, 0
58, -4.952, -26.592, 75.595, 0, 0, 0, 0
58, -0.369, -27.01, 75.595, 0, 0, 0, 0
58, -0.118, -27.01, 75.595, 0, 0, 0, 0
58, 4.775, -26.535, 75.595, 0, 0, 0, 0
58, 5.092, -26.457, 75.595, 0, 0, 0, 0
58, 9.515, -25.16, 75.595, 0, 0, 0, 0
58, 13.399, -23.206, 75.595, 0, 0, 0, 0
58, 13.877, -22.955, 75.595, 0, 0, 0, 0
58, 17.407, -20.289, 75.595, 0, 0, 0, 0
58, 17.867, -19.882, 75.595, 0, 0, 0, 0
58, 21.175, -16.174, 75.595, 0, 0, 0, 0
58, 21.469, -15.747, 75.595, 0, 0, 0, 0
58, 23.898, -11.575, 75.595, 0, 0, 0, 0
58, 25.017, -8.729, 75.595, 0, 0, 0, 0
58, 25.702, -6.287, 75.595, 0, 0, 0, 0
58, 26.133, -3.707, 75.595, 0, 0, 0, 0
58, 26.293, -0.833, 75.595, 0, 0, 0, 0
58, 26.345, -0.402, 75.595, 0, 0, 0, 0
58, 25.819, 4.692, 75.595, 0, 0, 0, 0
58, 25.771, 5.086, 75.595, 0, 0, 0, 0
58, 24.271, 9.828, 75.595, 0, 0, 0, 0
58, 24.114, 10.241, 75.595, 0, 0, 0, 0
58, 21.707, 14.553, 75.595, 0, 0, 0, 0
58, 20.083, 16.617, 75.595, 0, 0, 0, 0
58, 19.703, 17.167, 75.595, 0, 0, 0, 0
58, 17.95, 18.956, 75.595, 0, 0, 0, 0
58, 15.572, 20.87, 75.595, 0, 0, 0, 0
58, 15.047, 21.335, 75.595, 0, 0, 0, 0
58, 12.68, 22.801, 75.595, 0, 0, 0, 0
58, 9.908, 24.077, 75.595, 0, 0, 0, 0
58, 9.286, 24.403, 75.595, 0, 0, 0, 0
58, 6.638, 25.246, 75.595, 0, 0, 0, 0
58, 3.633, 25.808, 75.595, 0, 0, 0, 0
58, 2.953, 25.975, 75.595, 0, 0, 0, 0
58, 0.11, 26.151, 75.595, 0, 0, 0, 0
59, -1.376, 26.103, 76.895, 0, 0, 0, 0
59, -3.487, 25.973, 76.895, 0, 0, 0, 0
59, -5.571, 25.583, 76.895, 0, 0, 0, 0
59, -7.773, 25.04, 76.895, 0, 0, 0, 0
59, -9.782, 24.401, 76.895, 0, 0, 0, 0
59, -11.713, 23.512, 76.895, 0, 0, 0, 0
59, -13.723, 22.457, 76.895, 0, 0, 0, 0
59, -15.511, 21.35, 76.895, 0, 0, 0, 0
59, -17.171, 20.013, 76.895, 0, 0, 0, 0
59, -18.832, 18.542, 76.895, 0, 0, 0, 0
59, -21.246, 15.836, 76.895, 0, 0, 0, 0
59, -22.444, 14.1, 76.895, 0, 0, 0, 0
59, -24.22, 11.051, 76.895, 0, 0, 0, 0
59, -24.888, 9.367, 76.895, 0, 0, 0, 0
59, -25.651, 7.354, 76.895, 0, 0, 0, 0
59, -26.148, 5.582, 76.895, 0, 0, 0, 0
59, -26.458, 3.726, 76.895, 0, 0, 0, 0
59, -26.577, 1.598, 76.895, 0, 0, 0, 0
59, -26.825, -0.445, 76.895, 0, 0, 0, 0
59, -26.441, -4.164, 76.895, 0, 0, 0, 0
59, -26.198, -6.166, 76.895, 0, 0, 0, 0
59, -25.104, -9.625, 76.895, 0, 0, 0, 0
59, -24.377, -11.542, 76.895, 0, 0, 0, 0
59, -22.628, -14.676, 76.895, 0, 0, 0, 0
59, -21.437, -16.19, 76.895, 0, 0, 0, 0
59, -20.159, -18.041, 76.895, 0, 0, 0, 0
59, -18.874, -19.352, 76.895, 0, 0, 0, 0
59, -17.203, -20.832, 76.895, 0, 0, 0, 0
59, -14.479, -22.869, 76.895, 0, 0, 0, 0
59, -12.603, -23.854, 76.895, 0, 0, 0, 0
59, -9.657, -25.29, 76.895, 0, 0, 0, 0
59, -6.455, -26.183, 76.895, 0, 0, 0, 0
59, -4.54, -26.655, 76.895, 0, 0, 0, 0
59, -1.201, -26.96, 76.895, 0, 0, 0, 0
59, 0.714, -26.96, 76.895, 0, 0, 0, 0
59, 4.285, -26.613, 76.895, 0, 0, 0, 0
59, 6.195, -26.142, 76.895, 0, 0, 0, 0
59, 9.424, -25.195, 76.895, 0, 0, 0, 0
59, 12.262, -23.767, 76.895, 0, 0, 0, 0
59, 14.15, -22.776, 76.895, 0, 0, 0, 0
59, 16.72, -20.835, 76.895, 0, 0, 0, 0
59, 18.352, -19.389, 76.895, 0, 0, 0, 0
59, 20.767, -16.683, 76.895, 0, 0, 0, 0
59, 21.965, -14.947, 76.895, 0, 0, 0, 0
59, 23.741, -11.897, 76.895, 0, 0, 0, 0
59, 24.409, -10.213, 76.895, 0, 0, 0, 0
59, 25.172, -8.2, 76.895, 0, 0, 0, 0
59, 25.668, -6.428, 76.895, 0, 0, 0, 0
59, 25.978, -4.573, 76.895, 0, 0, 0, 0
59, 26.097, -2.446, 76.895, 0, 0, 0, 0
59, 26.345, -0.402, 76.895, 0, 0, 0, 0
59, 25.961, 3.319, 76.895, 0, 0, 0, 0
59, 25.718, 5.32, 76.895, 0, 0, 0, 0
59, 24.622, 8.782, 76.895, 0, 0, 0, 0
59, 23.896, 10.699, 76.895, 0, 0, 0, 0
59, 22.148, 13.829, 76.895, 0, 0, 0, 0
59, 20.956, 15.344, 76.895, 0, 0, 0, 0
59, 19.679, 17.195, 76.895, 0, 0, 0, 0
59, 18.435, 18.464, 76.895, 0, 0, 0, 0
59, 16.68, 19.876, 76.895, 0, 0, 0, 0
59, 14.983, 21.38, 76.895, 0, 0, 0, 0
59, 13.297, 22.424, 76.895, 0, 0, 0, 0
59, 11.252, 23.365, 76.895, 0, 0, 0, 0
59, 9.242, 24.42, 76.895, 0, 0, 0, 0
59, 7.357, 25.02, 76.895, 0, 0, 0, 0
59, 5.139, 25.434, 76.895, 0, 0, 0, 0
59, 2.937, 25.977, 76.895, 0, 0, 0, 0
59, 0.894, 26.103, 76.895, 0, 0, 0, 0
60, -2.159, 26.056, 78.195, 0, 0, 0, 0
60, -3.471, 25.975, 78.195, 0, 0, 0, 0
60, -4.768, 25.732, 78.195, 0, 0, 0, 0
60, -8.491, 24.814, 78.195, 0, 0, 0, 0
60, -9.738, 24.418, 78.195, 0, 0, 0, 0
60, -10.942, 23.863, 78.195, 0, 0, 0, 0
60, -14.34, 22.08, 78.195, 0, 0, 0, 0
60, -15.447, 21.394, 78.195, 0, 0, 0, 0
60, -16.484, 20.56, 78.195, 0, 0, 0, 0
60, -19.317, 18.05, 78.195, 0, 0, 0, 0
60, -20.838, 16.345, 78.195, 0, 0, 0, 0
60, -22.94, 13.3, 78.195, 0, 0, 0, 0
60, -24.06, 11.376, 78.195, 0, 0, 0, 0
60, -24.475, 10.332, 78.195, 0, 0, 0, 0
60, -25.81, 6.81, 78.195, 0, 0, 0, 0
60, -26.115, 5.723, 78.195, 0, 0, 0, 0
60, -26.304, 4.591, 78.195, 0, 0, 0, 0
60, -26.381, 3.211, 78.195, 0, 0, 0, 0
60, -26.825, -0.445, 78.195, 0, 0, 0, 0
60, -26.583, -2.791, 78.195, 0, 0, 0, 0
60, -26.144, -6.402, 78.195, 0, 0, 0, 0
60, -25.455, -8.58, 78.195, 0, 0, 0, 0
60, -24.158, -12.001, 78.195, 0, 0, 0, 0
60, -23.069, -13.953, 78.195, 0, 0, 0, 0
60, -22.31, -14.917, 78.195, 0, 0, 0, 0
60, -20.135, -18.069, 78.195, 0, 0, 0, 0
60, -19.36, -18.859, 78.195, 0, 0, 0, 0
60, -16.516, -21.378, 78.195, 0, 0, 0, 0
60, -14.805, -22.658, 78.195, 0, 0, 0, 0
60, -11.519, -24.383, 78.195, 0, 0, 0, 0
60, -9.661, -25.289, 78.195, 0, 0, 0, 0
60, -7.639, -25.852, 78.195, 0, 0, 0, 0
60, -4.129, -26.718, 78.195, 0, 0, 0, 0
60, -2.032, -26.909, 78.195, 0, 0, 0, 0
60, 1.545, -26.909, 78.195, 0, 0, 0, 0
60, 3.794, -26.69, 78.195, 0, 0, 0, 0
60, 7.299, -25.827, 78.195, 0, 0, 0, 0
60, 9.333, -25.23, 78.195, 0, 0, 0, 0
60, 11.126, -24.328, 78.195, 0, 0, 0, 0
60, 14.423, -22.598, 78.195, 0, 0, 0, 0
60, 16.033, -21.382, 78.195, 0, 0, 0, 0
60, 18.838, -18.897, 78.195, 0, 0, 0, 0
60, 20.359, -17.192, 78.195, 0, 0, 0, 0
60, 22.46, -14.147, 78.195, 0, 0, 0, 0
60, 23.581, -12.223, 78.195, 0, 0, 0, 0
60, 23.995, -11.179, 78.195, 0, 0, 0, 0
60, 25.331, -7.657, 78.195, 0, 0, 0, 0
60, 25.635, -6.569, 78.195, 0, 0, 0, 0
60, 25.824, -5.438, 78.195, 0, 0, 0, 0
60, 25.901, -4.058, 78.195, 0, 0, 0, 0
60, 26.345, -0.402, 78.195, 0, 0, 0, 0
60, 26.103, 1.945, 78.195, 0, 0, 0, 0
60, 25.664, 5.555, 78.195, 0, 0, 0, 0
60, 24.974, 7.736, 78.195, 0, 0, 0, 0
60, 23.677, 11.157, 78.195, 0, 0, 0, 0
60, 22.589, 13.106, 78.195, 0, 0, 0, 0
60, 21.83, 14.071, 78.195, 0, 0, 0, 0
60, 19.654, 17.222, 78.195, 0, 0, 0, 0
60, 18.92, 17.971, 78.195, 0, 0, 0, 0
60, 17.789, 18.882, 78.195, 0, 0, 0, 0
60, 14.919, 21.424, 78.195, 0, 0, 0, 0
60, 13.914, 22.047, 78.195, 0, 0, 0, 0
60, 12.596, 22.654, 78.195, 0, 0, 0, 0
60, 9.198, 24.437, 78.195, 0, 0, 0, 0
60, 8.076, 24.794, 78.195, 0, 0, 0, 0
60, 6.644, 25.061, 78.195, 0, 0, 0, 0
60, 2.922, 25.979, 78.195, 0, 0, 0, 0
60, 1.679, 26.056, 78.195, 0, 0, 0, 0
61, -2.943, 26.008, 79.495, 0, 0, 0, 0
61, -3.456, 25.976, 79.495, 0, 0, 0, 0
61, -3.966, 25.881, 79.495, 0, 0, 0, 0
61, -9.21, 24.588, 79.495, 0, 0, 0, 0
61, -9.694, 24.434, 79.495, 0, 0, 0, 0
61, -10.171, 24.215, 79.495, 0, 0, 0, 0
61, -14.957, 21.703, 79.495, 0, 0, 0, 0
61, -15.384, 21.439, 79.495, 0, 0, 0, 0
61, -15.797, 21.106, 79.495, 0, 0, 0, 0
61, -19.803, 17.557, 79.495, 0, 0, 0, 0
61, -20.43, 16.854, 79.495, 0, 0, 0, 0
61, -23.435, 12.5, 79.495, 0, 0, 0, 0
61, -23.892, 11.716, 79.495, 0, 0, 0, 0
61, -25.969, 6.264, 79.495, 0, 0, 0, 0
61, -26.081, 5.864, 79.495, 0, 0, 0, 0
61, -26.15, 5.456, 79.495, 0, 0, 0, 0
61, -26.185, 4.823, 79.495, 0, 0, 0, 0
61, -26.825, -0.445, 79.495, 0, 0, 0, 0
61, -26.724, -1.418, 79.495, 0, 0, 0, 0
61, -26.09, -6.637, 79.495, 0, 0, 0, 0
61, -25.806, -7.536, 79.495, 0, 0, 0, 0
61, -23.939, -12.461, 79.495, 0, 0, 0, 0
61, -23.51, -13.229, 79.495, 0, 0, 0, 0
61, -23.183, -13.645, 79.495, 0, 0, 0, 0
61, -20.11, -18.096, 79.495, 0, 0, 0, 0
61, -19.845, -18.367, 79.495, 0, 0, 0, 0
61, -15.829, -21.925, 79.495, 0, 0, 0, 0
61, -15.131, -22.447, 79.495, 0, 0, 0, 0
61, -10.435, -24.911, 79.495, 0, 0, 0, 0
61, -9.664, -25.287, 79.495, 0, 0, 0, 0
61, -8.824, -25.522, 79.495, 0, 0, 0, 0
61, -3.718, -26.78, 79.495, 0, 0, 0, 0
61, -2.856, -26.858, 79.495, 0, 0, 0, 0
61, 2.377, -26.858, 79.495, 0, 0, 0, 0
61, 3.303, -26.768, 79.495, 0, 0, 0, 0
61, 8.402, -25.511, 79.495, 0, 0, 0, 0
61, 9.242, -25.265, 79.495, 0, 0, 0, 0
61, 9.99, -24.889, 79.495, 0, 0, 0, 0
61, 14.695, -22.419, 79.495, 0, 0, 0, 0
61, 15.346, -21.928, 79.495, 0, 0, 0, 0
61, 19.323, -18.404, 79.495, 0, 0, 0, 0
61, 19.951, -17.701, 79.495, 0, 0, 0, 0
61, 22.956, -13.347, 79.495, 0, 0, 0, 0
61, 23.413, -12.562, 79.495, 0, 0, 0, 0
61, 25.49, -7.111, 79.495, 0, 0, 0, 0
61, 25.602, -6.711, 79.495, 0, 0, 0, 0
61, 25.67, -6.303, 79.495, 0, 0, 0, 0
61, 25.705, -5.67, 79.495, 0, 0, 0, 0
61, 26.345, -0.402, 79.495, 0, 0, 0, 0
61, 26.245, 0.571, 79.495, 0, 0, 0, 0
61, 25.611, 5.79, 79.495, 0, 0, 0, 0
61, 25.326, 6.69, 79.495, 0, 0, 0, 0
61, 23.458, 11.615, 79.495, 0, 0, 0, 0
61, 23.03, 12.382, 79.495, 0, 0, 0, 0
61, 22.703, 12.798, 79.495, 0, 0, 0, 0
61, 19.63, 17.249, 79.495, 0, 0, 0, 0
61, 19.405, 17.479, 79.495, 0, 0, 0, 0
61, 18.898, 17.887, 79.495, 0, 0, 0, 0
61, 14.856, 21.469, 79.495, 0, 0, 0, 0
61, 14.53, 21.67, 79.495, 0, 0, 0, 0
61, 13.94, 21.942, 79.495, 0, 0, 0, 0
61, 9.154, 24.454, 79.495, 0, 0, 0, 0
61, 8.795, 24.568, 79.495, 0, 0, 0, 0
61, 8.15, 24.688, 79.495, 0, 0, 0, 0
61, 2.907, 25.981, 79.495, 0, 0, 0, 0
61, 2.463, 26.008, 79.495, 0, 0, 0, 0
61, -2.943, 26.008, 79.495, 0, 0, 0, 0
61, -3.456, 25.976, 79.495, 0, 0, 0, 0
61, -3.966, 25.881, 79.495, 0, 0, 0, 0
61, -9.21, 24.588, 79.495, 0, 0, 0, 0
61, -9.694, 24.434, 79.495, 0, 0, 0, 0
61, -10.171, 24.215, 79.495, 0, 0, 0, 0
61, -14.957, 21.703, 79.495, 0, 0, 0, 0
61, -15.384, 21.439, 79.495, 0, 0, 0, 0
61, -15.797, 21.106, 79.495, 0, 0, 0, 0
61, -19.803, 17.557, 79.495, 0, 0, 0, 0
61, -20.43, 16.854, 79.495, 0, 0, 0, 0
61, -23.435, 12.5, 79.495, 0, 0, 0, 0
61, -23.892, 11.716, 79.495, 0, 0, 0, 0
61, -25.969, 6.264, 79.495, 0, 0, 0, 0
61, -26.081, 5.864, 79.495, 0, 0, 0, 0
61, -26.15, 5.456, 79.495, 0, 0, 0, 0
61, -26.185, 4.823, 79.495, 0, 0, 0, 0
61, -26.825, -0.445, 79.495, 0, 0, 0, 0
61, -26.724, -1.418, 79.495, 0, 0, 0, 0
61, -26.09, -6.637, 79.495, 0, 0, 0, 0
61, -25.806, -7.536, 79.495, 0, 0, 0, 0
61, -23.939, -12.461, 79.495, 0, 0, 0, 0
61, -23.51, -13.229, 79.495, 0, 0, 0, 0
61, -23.183, -13.645, 79.495, 0, 0, 0, 0
61, -20.11, -18.096, 79.495, 0, 0, 0, 0
61, -19.845, -18.367, 79.495, 0, 0, 0, 0
61, -15.829, -21.925, 79.495, 0, 0, 0, 0
61, -15.131, -22.447, 79.495, 0, 0, 0, 0
61, -10.435, -24.911, 79.495, 0, 0, 0, 0
61, -9.664, -25.287, 79.495, 0, 0, 0, 0
61, -8.824, -25.522, 79.495, 0, 0, 0, 0
61, -3.718, -26.78, 79.495, 0, 0, 0, 0
61, -2.856, -26.858, 79.495, 0, 0, 0, 0
61, 2.377, -26.858, 79.495, 0, 0, 0, 0
61, 3.303, -26.768, 79.495, 0, 0, 0, 0
61, 8.402, -25.511, 79.495, 0, 0, 0, 0
61, 9.242, -25.265, 79.495, 0, 0, 0, 0
61, 9.99, -24.889, 79.495, 0, 0, 0, 0
61, 14.695, -22.419, 79.495, 0, 0, 0, 0
61, 15.346, -21.928, 79.495, 0, 0, 0, 0
61, 19.323, -18.404, 79.495, 0, 0, 0, 0
61, 19.951, -17.701, 79.495, 0, 0, 0, 0
61, 22.956, -13.347, 79.495, 0, 0, 0, 0
61, 23.413, -12.562, 79.495, 0, 0, 0, 0
61, 25.49, -7.111, 79.495, 0, 0, 0, 0
61, 25.602, -6.711, 79.495, 0, 0, 0, 0
61, 25.67, -6.303, 79.495, 0, 0, 0, 0
61, 25.705, -5.67, 79.495, 0, 0, 0, 0
61, 26.345, -0.402, 79.495, 0, 0, 0, 0
61, 26.245, 0.571, 79.495, 0, 0, 0, 0
61, 25.611, 5.79, 79.495, 0, 0, 0, 0
61, 25.326, 6.69, 79.495, 0, 0, 0, 0
61, 23.458, 11.615, 79.495, 0, 0, 0, 0
61, 23.03, 12.382, 79.495, 0, 0, 0, 0
61, 22.703, 12.798, 79.495, 0, 0, 0, 0
61, 19.63, 17.249, 79.495, 0, 0, 0, 0
61, 19.405, 17.479, 79.495, 0, 0, 0, 0
61, 18.898, 17.887, 79.495, 0, 0, 0, 0
61, 14.856, 21.469, 79.495, 0, 0, 0, 0
61, 14.53, 21.67, 79.495, 0, 0, 0, 0
61, 13.94, 21.942, 79.495, 0, 0, 0, 0
61, 9.154, 24.454, 79.495, 0, 0, 0, 0
61, 8.795, 24.568, 79.495, 0, 0, 0, 0
61, 8.15, 24.688, 79.495, 0, 0, 0, 0
61, 2.907, 25.981, 79.495, 0, 0, 0, 0
61, 2.463, 26.008, 79.495, 0, 0, 0, 0
