##No.  X  Y  Z  Yaw  Pitch  Roll  Weld_En
1, 59.354, 0.694, 0.85, 0, 0, 0, 0
1, 59.354, 9.394, 0.85, 0, 0, 0, 1
1, 0.654, 9.394, 0.85, 0, 0, 0, 1
1, 0.654, 0.694, 0.85, 0, 0, 0, 1
1, 59.354, 0.694, 0.85, 0, 0, 0, 1
1, 58.078, 1.864, 0.85, 0, 0, 0, 0
1, 58.184, 1.97, 0.85, 0, 0, 0, 1
1, 58.184, 3.809, 0.85, 0, 0, 0, 1
1, 56.24, 1.864, 0.85, 0, 0, 0, 1
1, 54.401, 1.864, 0.85, 0, 0, 0, 1
1, 58.184, 5.647, 0.85, 0, 0, 0, 1
1, 58.184, 7.486, 0.85, 0, 0, 0, 1
1, 52.563, 1.864, 0.85, 0, 0, 0, 1
1, 50.724, 1.864, 0.85, 0, 0, 0, 1
1, 57.084, 8.224, 0.85, 0, 0, 0, 1
1, 55.246, 8.224, 0.85, 0, 0, 0, 1
1, 48.886, 1.864, 0.85, 0, 0, 0, 1
1, 47.047, 1.864, 0.85, 0, 0, 0, 1
1, 53.407, 8.224, 0.85, 0, 0, 0, 1
1, 51.569, 8.224, 0.85, 0, 0, 0, 1
1, 45.209, 1.864, 0.85, 0, 0, 0, 1
1, 43.37, 1.864, 0.85, 0, 0, 0, 1
1, 49.73, 8.224, 0.85, 0, 0, 0, 1
1, 47.892, 8.224, 0.85, 0, 0, 0, 1
1, 41.532, 1.864, 0.85, 0, 0, 0, 1
1, 39.694, 1.864, 0.85, 0, 0, 0, 1
1, 46.054, 8.224, 0.85, 0, 0, 0, 1
1, 44.215, 8.224, 0.85, 0, 0, 0, 1
1, 37.855, 1.864, 0.85, 0, 0, 0, 1
1, 36.017, 1.864, 0.85, 0, 0, 0, 1
1, 42.377, 8.224, 0.85, 0, 0, 0, 1
1, 40.538, 8.224, 0.85, 0, 0, 0, 1
1, 34.178, 1.864, 0.85, 0, 0, 0, 1
1, 32.34, 1.864, 0.85, 0, 0, 0, 1
1, 38.7, 8.224, 0.85, 0, 0, 0, 1
1, 36.861, 8.224, 0.85, 0, 0, 0, 1
1, 30.501, 1.864, 0.85, 0, 0, 0, 1
1, 28.663, 1.864, 0.85, 0, 0, 0, 1
1, 35.023, 8.224, 0.85, 0, 0, 0, 1
1, 33.184, 8.224, 0.85, 0, 0, 0, 1
1, 26.824, 1.864, 0.85, 0, 0, 0, 1
1, 24.986, 1.864, 0.85, 0, 0, 0, 1
1, 31.346, 8.224, 0.85, 0, 0, 0, 1
1, 29.507, 8.224, 0.85, 0, 0, 0, 1
1, 23.147, 1.864, 0.85, 0, 0, 0, 1
1, 21.309, 1.864, 0.85, 0, 0, 0, 1
1, 27.669, 8.224, 0.85, 0, 0, 0, 1
1, 25.83, 8.224, 0.85, 0, 0, 0, 1
1, 19.47, 1.864, 0.85, 0, 0, 0, 1
1, 17.632, 1.864, 0.85, 0, 0, 0, 1
1, 23.992, 8.224, 0.85, 0, 0, 0, 1
1, 22.153, 8.224, 0.85, 0, 0, 0, 1
1, 15.793, 1.864, 0.85, 0, 0, 0, 1
1, 13.955, 1.864, 0.85, 0, 0, 0, 1
1, 20.315, 8.224, 0.85, 0, 0, 0, 1
1, 18.476, 8.224, 0.85, 0, 0, 0, 1
1, 12.116, 1.864, 0.85, 0, 0, 0, 1
1, 10.278, 1.864, 0.85, 0, 0, 0, 1
1, 16.638, 8.224, 0.85, 0, 0, 0, 1
1, 14.799, 8.224, 0.85, 0, 0, 0, 1
1, 8.439, 1.864, 0.85, 0, 0, 0, 1
1, 6.601, 1.864, 0.85, 0, 0, 0, 1
1, 12.961, 8.224, 0.85, 0, 0, 0, 1
1, 11.122, 8.224, 0.85, 0, 0, 0, 1
1, 4.762, 1.864, 0.85, 0, 0, 0, 1
1, 2.924, 1.864, 0.85, 0, 0, 0, 1
1, 9.284, 8.224, 0.85, 0, 0, 0, 1
1, 7.445, 8.224, 0.85, 0, 0, 0, 1
1, 1.824, 2.603, 0.85, 0, 0, 0, 1
1, 1.824, 4.442, 0.85, 0, 0, 0, 1
1, 5.607, 8.224, 0.85, 0, 0, 0, 1
1, 3.769, 8.224, 0.85, 0, 0, 0, 1
1, 1.824, 6.28, 0.85, 0, 0, 0, 1
1, 1.824, 8.119, 0.85, 0, 0, 0, 1
1, 1.93, 8.224, 0.85, 0, 0, 0, 1
2, 59.354, 9.394, 1.7, 0, 0, 0, 0
2, 0.654, 9.394, 1.7, 0, 0, 0, 1
2, 0.654, 0.694, 1.7, 0, 0, 0, 1
2, 59.354, 0.694, 1.7, 0, 0, 0, 1
2, 59.354, 9.394, 1.7, 0, 0, 0, 1
2, 58.184, 8.119, 1.7, 0, 0, 0, 0
2, 58.078, 8.224, 1.7, 0, 0, 0, 1
2, 56.24, 8.224, 1.7, 0, 0, 0, 1
2, 58.184, 6.28, 1.7, 0, 0, 0, 1
2, 58.184, 4.442, 1.7, 0, 0, 0, 1
2, 54.401, 8.224, 1.7, 0, 0, 0, 1
2, 52.563, 8.224, 1.7, 0, 0, 0, 1
2, 58.184, 2.603, 1.7, 0, 0, 0, 1
2, 58.184, 1.864, 1.7, 0, 0, 0, 1
2, 57.084, 1.864, 1.7, 0, 0, 0, 1
2, 50.724, 8.224, 1.7, 0, 0, 0, 1
2, 48.886, 8.224, 1.7, 0, 0, 0, 1
2, 55.246, 1.864, 1.7, 0, 0, 0, 1
2, 53.407, 1.864, 1.7, 0, 0, 0, 1
2, 47.047, 8.224, 1.7, 0, 0, 0, 1
2, 45.209, 8.224, 1.7, 0, 0, 0, 1
2, 51.569, 1.864, 1.7, 0, 0, 0, 1
2, 49.731, 1.864, 1.7, 0, 0, 0, 1
2, 43.371, 8.224, 1.7, 0, 0, 0, 1
2, 41.532, 8.224, 1.7, 0, 0, 0, 1
2, 47.892, 1.864, 1.7, 0, 0, 0, 1
2, 46.054, 1.864, 1.7, 0, 0, 0, 1
2, 39.694, 8.224, 1.7, 0, 0, 0, 1
2, 37.855, 8.224, 1.7, 0, 0, 0, 1
2, 44.215, 1.864, 1.7, 0, 0, 0, 1
2, 42.377, 1.864, 1.7, 0, 0, 0, 1
2, 36.017, 8.224, 1.7, 0, 0, 0, 1
2, 34.178, 8.224, 1.7, 0, 0, 0, 1
2, 40.538, 1.864, 1.7, 0, 0, 0, 1
2, 38.7, 1.864, 1.7, 0, 0, 0, 1
2, 32.34, 8.224, 1.7, 0, 0, 0, 1
2, 30.501, 8.224, 1.7, 0, 0, 0, 1
2, 36.861, 1.864, 1.7, 0, 0, 0, 1
2, 35.023, 1.864, 1.7, 0, 0, 0, 1
2, 28.663, 8.224, 1.7, 0, 0, 0, 1
2, 26.824, 8.224, 1.7, 0, 0, 0, 1
2, 33.184, 1.864, 1.7, 0, 0, 0, 1
2, 31.346, 1.864, 1.7, 0, 0, 0, 1
2, 24.986, 8.224, 1.7, 0, 0, 0, 1
2, 23.147, 8.224, 1.7, 0, 0, 0, 1
2, 29.507, 1.864, 1.7, 0, 0, 0, 1
2, 27.669, 1.864, 1.7, 0, 0, 0, 1
2, 21.309, 8.224, 1.7, 0, 0, 0, 1
2, 19.47, 8.224, 1.7, 0, 0, 0, 1
2, 25.83, 1.864, 1.7, 0, 0, 0, 1
2, 23.992, 1.864, 1.7, 0, 0, 0, 1
2, 17.632, 8.224, 1.7, 0, 0, 0, 1
2, 15.793, 8.224, 1.7, 0, 0, 0, 1
2, 22.153, 1.864, 1.7, 0, 0, 0, 1
2, 20.315, 1.864, 1.7, 0, 0, 0, 1
2, 13.955, 8.224, 1.7, 0, 0, 0, 1
2, 12.116, 8.224, 1.7, 0, 0, 0, 1
2, 18.476, 1.864, 1.7, 0, 0, 0, 1
2, 16.638, 1.864, 1.7, 0, 0, 0, 1
2, 10.278, 8.224, 1.7, 0, 0, 0, 1
2, 8.439, 8.224, 1.7, 0, 0, 0, 1
2, 14.799, 1.864, 1.7, 0, 0, 0, 1
2, 12.961, 1.864, 1.7, 0, 0, 0, 1
2, 6.601, 8.224, 1.7, 0, 0, 0, 1
2, 4.762, 8.224, 1.7, 0, 0, 0, 1
2, 11.122, 1.864, 1.7, 0, 0, 0, 1
2, 9.284, 1.864, 1.7, 0, 0, 0, 1
2, 2.924, 8.224, 1.7, 0, 0, 0, 1
2, 1.824, 8.224, 1.7, 0, 0, 0, 1
2, 1.824, 7.486, 1.7, 0, 0, 0, 1
2, 7.446, 1.864, 1.7, 0, 0, 0, 1
2, 5.607, 1.864, 1.7, 0, 0, 0, 1
2, 1.824, 5.647, 1.7, 0, 0, 0, 1
2, 1.824, 3.809, 1.7, 0, 0, 0, 1
2, 3.769, 1.864, 1.7, 0, 0, 0, 1
2, 1.93, 1.864, 1.7, 0, 0, 0, 1
2, 1.824, 1.97, 1.7, 0, 0, 0, 1
3, 59.354, 9.394, 2.55, 0, 0, 0, 0
3, 0.654, 9.394, 2.55, 0, 0, 0, 1
3, 0.654, 0.694, 2.55, 0, 0, 0, 1
3, 59.354, 0.694, 2.55, 0, 0, 0, 1
3, 59.354, 9.394, 2.55, 0, 0, 0, 1
3, 58.078, 1.864, 2.55, 0, 0, 0, 0
3, 58.184, 1.97, 2.55, 0, 0, 0, 1
3, 58.184, 3.809, 2.55, 0, 0, 0, 1
3, 56.24, 1.864, 2.55, 0, 0, 0, 1
3, 54.401, 1.864, 2.55, 0, 0, 0, 1
3, 58.184, 5.647, 2.55, 0, 0, 0, 1
3, 58.184, 7.486, 2.55, 0, 0, 0, 1
3, 52.563, 1.864, 2.55, 0, 0, 0, 1
3, 50.724, 1.864, 2.55, 0, 0, 0, 1
3, 57.084, 8.224, 2.55, 0, 0, 0, 1
3, 55.246, 8.224, 2.55, 0, 0, 0, 1
3, 48.886, 1.864, 2.55, 0, 0, 0, 1
3, 47.047, 1.864, 2.55, 0, 0, 0, 1
3, 53.407, 8.224, 2.55, 0, 0, 0, 1
3, 51.569, 8.224, 2.55, 0, 0, 0, 1
3, 45.209, 1.864, 2.55, 0, 0, 0, 1
3, 43.37, 1.864, 2.55, 0, 0, 0, 1
3, 49.73, 8.224, 2.55, 0, 0, 0, 1
3, 47.892, 8.224, 2.55, 0, 0, 0, 1
3, 41.532, 1.864, 2.55, 0, 0, 0, 1
3, 39.694, 1.864, 2.55, 0, 0, 0, 1
3, 46.054, 8.224, 2.55, 0, 0, 0, 1
3, 44.215, 8.224, 2.55, 0, 0, 0, 1
3, 37.855, 1.864, 2.55, 0, 0, 0, 1
3, 36.017, 1.864, 2.55, 0, 0, 0, 1
3, 42.377, 8.224, 2.55, 0, 0, 0, 1
3, 40.538, 8.224, 2.55, 0, 0, 0, 1
3, 34.178, 1.864, 2.55, 0, 0, 0, 1
3, 32.34, 1.864, 2.55, 0, 0, 0, 1
3, 38.7, 8.224, 2.55, 0, 0, 0, 1
3, 36.861, 8.224, 2.55, 0, 0, 0, 1
3, 30.501, 1.864, 2.55, 0, 0, 0, 1
3, 28.663, 1.864, 2.55, 0, 0, 0, 1
3, 35.023, 8.224, 2.55, 0, 0, 0, 1
3, 33.184, 8.224, 2.55, 0, 0, 0, 1
3, 26.824, 1.864, 2.55, 0, 0, 0, 1
3, 24.986, 1.864, 2.55, 0, 0, 0, 1
3, 31.346, 8.224, 2.55, 0, 0, 0, 1
3, 29.507, 8.224, 2.55, 0, 0, 0, 1
3, 23.147, 1.864, 2.55, 0, 0, 0, 1
3, 21.309, 1.864, 2.55, 0, 0, 0, 1
3, 27.669, 8.224, 2.55, 0, 0, 0, 1
3, 25.83, 8.224, 2.55, 0, 0, 0, 1
3, 19.47, 1.864, 2.55, 0, 0, 0, 1
3, 17.632, 1.864, 2.55, 0, 0, 0, 1
3, 23.992, 8.224, 2.55, 0, 0, 0, 1
3, 22.153, 8.224, 2.55, 0, 0, 0, 1
3, 15.793, 1.864, 2.55, 0, 0, 0, 1
3, 13.955, 1.864, 2.55, 0, 0, 0, 1
3, 20.315, 8.224, 2.55, 0, 0, 0, 1
3, 18.476, 8.224, 2.55, 0, 0, 0, 1
3, 12.116, 1.864, 2.55, 0, 0, 0, 1
3, 10.278, 1.864, 2.55, 0, 0, 0, 1
3, 16.638, 8.224, 2.55, 0, 0, 0, 1
3, 14.799, 8.224, 2.55, 0, 0, 0, 1
3, 8.439, 1.864, 2.55, 0, 0, 0, 1
3, 6.601, 1.864, 2.55, 0, 0, 0, 1
3, 12.961, 8.224, 2.55, 0, 0, 0, 1
3, 11.122, 8.224, 2.55, 0, 0, 0, 1
3, 4.762, 1.864, 2.55, 0, 0, 0, 1
3, 2.924, 1.864, 2.55, 0, 0, 0, 1
3, 9.284, 8.224, 2.55, 0, 0, 0, 1
3, 7.445, 8.224, 2.55, 0, 0, 0, 1
3, 1.824, 2.603, 2.55, 0, 0, 0, 1
3, 1.824, 4.442, 2.55, 0, 0, 0, 1
3, 5.607, 8.224, 2.55, 0, 0, 0, 1
3, 3.769, 8.224, 2.55, 0, 0, 0, 1
3, 1.824, 6.28, 2.55, 0, 0, 0, 1
3, 1.824, 8.119, 2.55, 0, 0, 0, 1
3, 1.93, 8.224, 2.55, 0, 0, 0, 1
4, 0.654, 0.694, 3.4, 0, 0, 0, 0
4, 59.354, 0.694, 3.4, 0, 0, 0, 1
4, 59.354, 9.394, 3.4, 0, 0, 0, 1
4, 0.654, 9.394, 3.4, 0, 0, 0, 1
4, 0.654, 0.694, 3.4, 0, 0, 0, 1
4, 1.824, 1.97, 3.4, 0, 0, 0, 0
4, 1.93, 1.864, 3.4, 0, 0, 0, 1
4, 3.769, 1.864, 3.4, 0, 0, 0, 1
4, 1.824, 3.809, 3.4, 0, 0, 0, 1
4, 1.824, 5.647, 3.4, 0, 0, 0, 1
4, 5.607, 1.864, 3.4, 0, 0, 0, 1
4, 7.446, 1.864, 3.4, 0, 0, 0, 1
4, 1.824, 7.486, 3.4, 0, 0, 0, 1
4, 1.824, 8.224, 3.4, 0, 0, 0, 1
4, 2.924, 8.224, 3.4, 0, 0, 0, 1
4, 9.284, 1.864, 3.4, 0, 0, 0, 1
4, 11.122, 1.864, 3.4, 0, 0, 0, 1
4, 4.762, 8.224, 3.4, 0, 0, 0, 1
4, 6.601, 8.224, 3.4, 0, 0, 0, 1
4, 12.961, 1.864, 3.4, 0, 0, 0, 1
4, 14.799, 1.864, 3.4, 0, 0, 0, 1
4, 8.439, 8.224, 3.4, 0, 0, 0, 1
4, 10.278, 8.224, 3.4, 0, 0, 0, 1
4, 16.638, 1.864, 3.4, 0, 0, 0, 1
4, 18.476, 1.864, 3.4, 0, 0, 0, 1
4, 12.116, 8.224, 3.4, 0, 0, 0, 1
4, 13.955, 8.224, 3.4, 0, 0, 0, 1
4, 20.315, 1.864, 3.4, 0, 0, 0, 1
4, 22.153, 1.864, 3.4, 0, 0, 0, 1
4, 15.793, 8.224, 3.4, 0, 0, 0, 1
4, 17.632, 8.224, 3.4, 0, 0, 0, 1
4, 23.992, 1.864, 3.4, 0, 0, 0, 1
4, 25.83, 1.864, 3.4, 0, 0, 0, 1
4, 19.47, 8.224, 3.4, 0, 0, 0, 1
4, 21.309, 8.224, 3.4, 0, 0, 0, 1
4, 27.669, 1.864, 3.4, 0, 0, 0, 1
4, 29.507, 1.864, 3.4, 0, 0, 0, 1
4, 23.147, 8.224, 3.4, 0, 0, 0, 1
4, 24.986, 8.224, 3.4, 0, 0, 0, 1
4, 31.346, 1.864, 3.4, 0, 0, 0, 1
4, 33.184, 1.864, 3.4, 0, 0, 0, 1
4, 26.824, 8.224, 3.4, 0, 0, 0, 1
4, 28.663, 8.224, 3.4, 0, 0, 0, 1
4, 35.023, 1.864, 3.4, 0, 0, 0, 1
4, 36.861, 1.864, 3.4, 0, 0, 0, 1
4, 30.501, 8.224, 3.4, 0, 0, 0, 1
4, 32.34, 8.224, 3.4, 0, 0, 0, 1
4, 38.7, 1.864, 3.4, 0, 0, 0, 1
4, 40.538, 1.864, 3.4, 0, 0, 0, 1
4, 34.178, 8.224, 3.4, 0, 0, 0, 1
4, 36.017, 8.224, 3.4, 0, 0, 0, 1
4, 42.377, 1.864, 3.4, 0, 0, 0, 1
4, 44.215, 1.864, 3.4, 0, 0, 0, 1
4, 37.855, 8.224, 3.4, 0, 0, 0, 1
4, 39.694, 8.224, 3.4, 0, 0, 0, 1
4, 46.054, 1.864, 3.4, 0, 0, 0, 1
4, 47.892, 1.864, 3.4, 0, 0, 0, 1
4, 41.532, 8.224, 3.4, 0, 0, 0, 1
4, 43.371, 8.224, 3.4, 0, 0, 0, 1
4, 49.731, 1.864, 3.4, 0, 0, 0, 1
4, 51.569, 1.864, 3.4, 0, 0, 0, 1
4, 45.209, 8.224, 3.4, 0, 0, 0, 1
4, 47.047, 8.224, 3.4, 0, 0, 0, 1
4, 53.407, 1.864, 3.4, 0, 0, 0, 1
4, 55.246, 1.864, 3.4, 0, 0, 0, 1
4, 48.886, 8.224, 3.4, 0, 0, 0, 1
4, 50.724, 8.224, 3.4, 0, 0, 0, 1
4, 57.084, 1.864, 3.4, 0, 0, 0, 1
4, 58.184, 1.864, 3.4, 0, 0, 0, 1
4, 58.184, 2.603, 3.4, 0, 0, 0, 1
4, 52.563, 8.224, 3.4, 0, 0, 0, 1
4, 54.401, 8.224, 3.4, 0, 0, 0, 1
4, 58.184, 4.442, 3.4, 0, 0, 0, 1
4, 58.184, 6.28, 3.4, 0, 0, 0, 1
4, 56.24, 8.224, 3.4, 0, 0, 0, 1
4, 58.078, 8.224, 3.4, 0, 0, 0, 1
4, 58.184, 8.119, 3.4, 0, 0, 0, 1
5, 59.354, 9.394, 4.25, 0, 0, 0, 0
5, 0.654, 9.394, 4.25, 0, 0, 0, 1
5, 0.654, 0.694, 4.25, 0, 0, 0, 1
5, 59.354, 0.694, 4.25, 0, 0, 0, 1
5, 59.354, 9.394, 4.25, 0, 0, 0, 1
5, 58.078, 1.864, 4.25, 0, 0, 0, 0
5, 58.184, 1.97, 4.25, 0, 0, 0, 1
5, 58.184, 3.809, 4.25, 0, 0, 0, 1
5, 56.24, 1.864, 4.25, 0, 0, 0, 1
5, 54.401, 1.864, 4.25, 0, 0, 0, 1
5, 58.184, 5.647, 4.25, 0, 0, 0, 1
5, 58.184, 7.486, 4.25, 0, 0, 0, 1
5, 52.563, 1.864, 4.25, 0, 0, 0, 1
5, 50.724, 1.864, 4.25, 0, 0, 0, 1
5, 57.084, 8.224, 4.25, 0, 0, 0, 1
5, 55.246, 8.224, 4.25, 0, 0, 0, 1
5, 48.886, 1.864, 4.25, 0, 0, 0, 1
5, 47.047, 1.864, 4.25, 0, 0, 0, 1
5, 53.407, 8.224, 4.25, 0, 0, 0, 1
5, 51.569, 8.224, 4.25, 0, 0, 0, 1
5, 45.209, 1.864, 4.25, 0, 0, 0, 1
5, 43.37, 1.864, 4.25, 0, 0, 0, 1
5, 49.73, 8.224, 4.25, 0, 0, 0, 1
5, 47.892, 8.224, 4.25, 0, 0, 0, 1
5, 41.532, 1.864, 4.25, 0, 0, 0, 1
5, 39.694, 1.864, 4.25, 0, 0, 0, 1
5, 46.054, 8.224, 4.25, 0, 0, 0, 1
5, 44.215, 8.224, 4.25, 0, 0, 0, 1
5, 37.855, 1.864, 4.25, 0, 0, 0, 1
5, 36.017, 1.864, 4.25, 0, 0, 0, 1
5, 42.377, 8.224, 4.25, 0, 0, 0, 1
5, 40.538, 8.224, 4.25, 0, 0, 0, 1
5, 34.178, 1.864, 4.25, 0, 0, 0, 1
5, 32.34, 1.864, 4.25, 0, 0, 0, 1
5, 38.7, 8.224, 4.25, 0, 0, 0, 1
5, 36.861, 8.224, 4.25, 0, 0, 0, 1
5, 30.501, 1.864, 4.25, 0, 0, 0, 1
5, 28.663, 1.864, 4.25, 0, 0, 0, 1
5, 35.023, 8.224, 4.25, 0, 0, 0, 1
5, 33.184, 8.224, 4.25, 0, 0, 0, 1
5, 26.824, 1.864, 4.25, 0, 0, 0, 1
5, 24.986, 1.864, 4.25, 0, 0, 0, 1
5, 31.346, 8.224, 4.25, 0, 0, 0, 1
5, 29.507, 8.224, 4.25, 0, 0, 0, 1
5, 23.147, 1.864, 4.25, 0, 0, 0, 1
5, 21.309, 1.864, 4.25, 0, 0, 0, 1
5, 27.669, 8.224, 4.25, 0, 0, 0, 1
5, 25.83, 8.224, 4.25, 0, 0, 0, 1
5, 19.47, 1.864, 4.25, 0, 0, 0, 1
5, 17.632, 1.864, 4.25, 0, 0, 0, 1
5, 23.992, 8.224, 4.25, 0, 0, 0, 1
5, 22.153, 8.224, 4.25, 0, 0, 0, 1
5, 15.793, 1.864, 4.25, 0, 0, 0, 1
5, 13.955, 1.864, 4.25, 0, 0, 0, 1
5, 20.315, 8.224, 4.25, 0, 0, 0, 1
5, 18.476, 8.224, 4.25, 0, 0, 0, 1
5, 12.116, 1.864, 4.25, 0, 0, 0, 1
5, 10.278, 1.864, 4.25, 0, 0, 0, 1
5, 16.638, 8.224, 4.25, 0, 0, 0, 1
5, 14.799, 8.224, 4.25, 0, 0, 0, 1
5, 8.439, 1.864, 4.25, 0, 0, 0, 1
5, 6.601, 1.864, 4.25, 0, 0, 0, 1
5, 12.961, 8.224, 4.25, 0, 0, 0, 1
5, 11.122, 8.224, 4.25, 0, 0, 0, 1
5, 4.762, 1.864, 4.25, 0, 0, 0, 1
5, 2.924, 1.864, 4.25, 0, 0, 0, 1
5, 9.284, 8.224, 4.25, 0, 0, 0, 1
5, 7.445, 8.224, 4.25, 0, 0, 0, 1
5, 1.824, 2.603, 4.25, 0, 0, 0, 1
5, 1.824, 4.442, 4.25, 0, 0, 0, 1
5, 5.607, 8.224, 4.25, 0, 0, 0, 1
5, 3.769, 8.224, 4.25, 0, 0, 0, 1
5, 1.824, 6.28, 4.25, 0, 0, 0, 1
5, 1.824, 8.119, 4.25, 0, 0, 0, 1
5, 1.93, 8.224, 4.25, 0, 0, 0, 1
6, 0.654, 9.394, 5.1, 0, 0, 0, 0
6, 0.654, 0.694, 5.1, 0, 0, 0, 1
6, 59.354, 0.694, 5.1, 0, 0, 0, 1
6, 59.354, 9.394, 5.1, 0, 0, 0, 1
6, 0.654, 9.394, 5.1, 0, 0, 0, 1
6, 1.824, 1.97, 5.1, 0, 0, 0, 0
6, 1.93, 1.864, 5.1, 0, 0, 0, 1
6, 3.769, 1.864, 5.1, 0, 0, 0, 1
6, 1.824, 3.809, 5.1, 0, 0, 0, 1
6, 1.824, 5.647, 5.1, 0, 0, 0, 1
6, 5.607, 1.864, 5.1, 0, 0, 0, 1
6, 7.446, 1.864, 5.1, 0, 0, 0, 1
6, 1.824, 7.486, 5.1, 0, 0, 0, 1
6, 1.824, 8.224, 5.1, 0, 0, 0, 1
6, 2.924, 8.224, 5.1, 0, 0, 0, 1
6, 9.284, 1.864, 5.1, 0, 0, 0, 1
6, 11.122, 1.864, 5.1, 0, 0, 0, 1
6, 4.762, 8.224, 5.1, 0, 0, 0, 1
6, 6.601, 8.224, 5.1, 0, 0, 0, 1
6, 12.961, 1.864, 5.1, 0, 0, 0, 1
6, 14.799, 1.864, 5.1, 0, 0, 0, 1
6, 8.439, 8.224, 5.1, 0, 0, 0, 1
6, 10.278, 8.224, 5.1, 0, 0, 0, 1
6, 16.638, 1.864, 5.1, 0, 0, 0, 1
6, 18.476, 1.864, 5.1, 0, 0, 0, 1
6, 12.116, 8.224, 5.1, 0, 0, 0, 1
6, 13.955, 8.224, 5.1, 0, 0, 0, 1
6, 20.315, 1.864, 5.1, 0, 0, 0, 1
6, 22.153, 1.864, 5.1, 0, 0, 0, 1
6, 15.793, 8.224, 5.1, 0, 0, 0, 1
6, 17.632, 8.224, 5.1, 0, 0, 0, 1
6, 23.992, 1.864, 5.1, 0, 0, 0, 1
6, 25.83, 1.864, 5.1, 0, 0, 0, 1
6, 19.47, 8.224, 5.1, 0, 0, 0, 1
6, 21.309, 8.224, 5.1, 0, 0, 0, 1
6, 27.669, 1.864, 5.1, 0, 0, 0, 1
6, 29.507, 1.864, 5.1, 0, 0, 0, 1
6, 23.147, 8.224, 5.1, 0, 0, 0, 1
6, 24.986, 8.224, 5.1, 0, 0, 0, 1
6, 31.346, 1.864, 5.1, 0, 0, 0, 1
6, 33.184, 1.864, 5.1, 0, 0, 0, 1
6, 26.824, 8.224, 5.1, 0, 0, 0, 1
6, 28.663, 8.224, 5.1, 0, 0, 0, 1
6, 35.023, 1.864, 5.1, 0, 0, 0, 1
6, 36.861, 1.864, 5.1, 0, 0, 0, 1
6, 30.501, 8.224, 5.1, 0, 0, 0, 1
6, 32.34, 8.224, 5.1, 0, 0, 0, 1
6, 38.7, 1.864, 5.1, 0, 0, 0, 1
6, 40.538, 1.864, 5.1, 0, 0, 0, 1
6, 34.178, 8.224, 5.1, 0, 0, 0, 1
6, 36.017, 8.224, 5.1, 0, 0, 0, 1
6, 42.377, 1.864, 5.1, 0, 0, 0, 1
6, 44.215, 1.864, 5.1, 0, 0, 0, 1
6, 37.855, 8.224, 5.1, 0, 0, 0, 1
6, 39.694, 8.224, 5.1, 0, 0, 0, 1
6, 46.054, 1.864, 5.1, 0, 0, 0, 1
6, 47.892, 1.864, 5.1, 0, 0, 0, 1
6, 41.532, 8.224, 5.1, 0, 0, 0, 1
6, 43.371, 8.224, 5.1, 0, 0, 0, 1
6, 49.731, 1.864, 5.1, 0, 0, 0, 1
6, 51.569, 1.864, 5.1, 0, 0, 0, 1
6, 45.209, 8.224, 5.1, 0, 0, 0, 1
6, 47.047, 8.224, 5.1, 0, 0, 0, 1
6, 53.407, 1.864, 5.1, 0, 0, 0, 1
6, 55.246, 1.864, 5.1, 0, 0, 0, 1
6, 48.886, 8.224, 5.1, 0, 0, 0, 1
6, 50.724, 8.224, 5.1, 0, 0, 0, 1
6, 57.084, 1.864, 5.1, 0, 0, 0, 1
6, 58.184, 1.864, 5.1, 0, 0, 0, 1
6, 58.184, 2.603, 5.1, 0, 0, 0, 1
6, 52.563, 8.224, 5.1, 0, 0, 0, 1
6, 54.401, 8.224, 5.1, 0, 0, 0, 1
6, 58.184, 4.442, 5.1, 0, 0, 0, 1
6, 58.184, 6.28, 5.1, 0, 0, 0, 1
6, 56.24, 8.224, 5.1, 0, 0, 0, 1
6, 58.078, 8.224, 5.1, 0, 0, 0, 1
6, 58.184, 8.119, 5.1, 0, 0, 0, 1
7, 59.354, 0.694, 5.95, 0, 0, 0, 0
7, 59.354, 9.394, 5.95, 0, 0, 0, 1
7, 0.654, 9.394, 5.95, 0, 0, 0, 1
7, 0.654, 0.694, 5.95, 0, 0, 0, 1
7, 59.354, 0.694, 5.95, 0, 0, 0, 1
7, 58.078, 1.864, 5.95, 0, 0, 0, 0
7, 58.184, 1.97, 5.95, 0, 0, 0, 1
7, 58.184, 3.809, 5.95, 0, 0, 0, 1
7, 56.24, 1.864, 5.95, 0, 0, 0, 1
7, 54.401, 1.864, 5.95, 0, 0, 0, 1
7, 58.184, 5.647, 5.95, 0, 0, 0, 1
7, 58.184, 7.486, 5.95, 0, 0, 0, 1
7, 52.563, 1.864, 5.95, 0, 0, 0, 1
7, 50.724, 1.864, 5.95, 0, 0, 0, 1
7, 57.084, 8.224, 5.95, 0, 0, 0, 1
7, 55.246, 8.224, 5.95, 0, 0, 0, 1
7, 48.886, 1.864, 5.95, 0, 0, 0, 1
7, 47.047, 1.864, 5.95, 0, 0, 0, 1
7, 53.407, 8.224, 5.95, 0, 0, 0, 1
7, 51.569, 8.224, 5.95, 0, 0, 0, 1
7, 45.209, 1.864, 5.95, 0, 0, 0, 1
7, 43.37, 1.864, 5.95, 0, 0, 0, 1
7, 49.73, 8.224, 5.95, 0, 0, 0, 1
7, 47.892, 8.224, 5.95, 0, 0, 0, 1
7, 41.532, 1.864, 5.95, 0, 0, 0, 1
7, 39.694, 1.864, 5.95, 0, 0, 0, 1
7, 46.054, 8.224, 5.95, 0, 0, 0, 1
7, 44.215, 8.224, 5.95, 0, 0, 0, 1
7, 37.855, 1.864, 5.95, 0, 0, 0, 1
7, 36.017, 1.864, 5.95, 0, 0, 0, 1
7, 42.377, 8.224, 5.95, 0, 0, 0, 1
7, 40.538, 8.224, 5.95, 0, 0, 0, 1
7, 34.178, 1.864, 5.95, 0, 0, 0, 1
7, 32.34, 1.864, 5.95, 0, 0, 0, 1
7, 38.7, 8.224, 5.95, 0, 0, 0, 1
7, 36.861, 8.224, 5.95, 0, 0, 0, 1
7, 30.501, 1.864, 5.95, 0, 0, 0, 1
7, 28.663, 1.864, 5.95, 0, 0, 0, 1
7, 35.023, 8.224, 5.95, 0, 0, 0, 1
7, 33.184, 8.224, 5.95, 0, 0, 0, 1
7, 26.824, 1.864, 5.95, 0, 0, 0, 1
7, 24.986, 1.864, 5.95, 0, 0, 0, 1
7, 31.346, 8.224, 5.95, 0, 0, 0, 1
7, 29.507, 8.224, 5.95, 0, 0, 0, 1
7, 23.147, 1.864, 5.95, 0, 0, 0, 1
7, 21.309, 1.864, 5.95, 0, 0, 0, 1
7, 27.669, 8.224, 5.95, 0, 0, 0, 1
7, 25.83, 8.224, 5.95, 0, 0, 0, 1
7, 19.47, 1.864, 5.95, 0, 0, 0, 1
7, 17.632, 1.864, 5.95, 0, 0, 0, 1
7, 23.992, 8.224, 5.95, 0, 0, 0, 1
7, 22.153, 8.224, 5.95, 0, 0, 0, 1
7, 15.793, 1.864, 5.95, 0, 0, 0, 1
7, 13.955, 1.864, 5.95, 0, 0, 0, 1
7, 20.315, 8.224, 5.95, 0, 0, 0, 1
7, 18.476, 8.224, 5.95, 0, 0, 0, 1
7, 12.116, 1.864, 5.95, 0, 0, 0, 1
7, 10.278, 1.864, 5.95, 0, 0, 0, 1
7, 16.638, 8.224, 5.95, 0, 0, 0, 1
7, 14.799, 8.224, 5.95, 0, 0, 0, 1
7, 8.439, 1.864, 5.95, 0, 0, 0, 1
7, 6.601, 1.864, 5.95, 0, 0, 0, 1
7, 12.961, 8.224, 5.95, 0, 0, 0, 1
7, 11.122, 8.224, 5.95, 0, 0, 0, 1
7, 4.762, 1.864, 5.95, 0, 0, 0, 1
7, 2.924, 1.864, 5.95, 0, 0, 0, 1
7, 9.284, 8.224, 5.95, 0, 0, 0, 1
7, 7.445, 8.224, 5.95, 0, 0, 0, 1
7, 1.824, 2.603, 5.95, 0, 0, 0, 1
7, 1.824, 4.442, 5.95, 0, 0, 0, 1
7, 5.607, 8.224, 5.95, 0, 0, 0, 1
7, 3.769, 8.224, 5.95, 0, 0, 0, 1
7, 1.824, 6.28, 5.95, 0, 0, 0, 1
7, 1.824, 8.119, 5.95, 0, 0, 0, 1
7, 1.93, 8.224, 5.95, 0, 0, 0, 1
8, 59.354, 0.694, 6.8, 0, 0, 0, 0
8, 59.354, 9.394, 6.8, 0, 0, 0, 1
8, 0.654, 9.394, 6.8, 0, 0, 0, 1
8, 0.654, 0.694, 6.8, 0, 0, 0, 1
8, 59.354, 0.694, 6.8, 0, 0, 0, 1
8, 58.184, 8.119, 6.8, 0, 0, 0, 0
8, 58.078, 8.224, 6.8, 0, 0, 0, 1
8, 56.24, 8.224, 6.8, 0, 0, 0, 1
8, 58.184, 6.28, 6.8, 0, 0, 0, 1
8, 58.184, 4.442, 6.8, 0, 0, 0, 1
8, 54.401, 8.224, 6.8, 0, 0, 0, 1
8, 52.563, 8.224, 6.8, 0, 0, 0, 1
8, 58.184, 2.603, 6.8, 0, 0, 0, 1
8, 58.184, 1.864, 6.8, 0, 0, 0, 1
8, 57.084, 1.864, 6.8, 0, 0, 0, 1
8, 50.724, 8.224, 6.8, 0, 0, 0, 1
8, 48.886, 8.224, 6.8, 0, 0, 0, 1
8, 55.246, 1.864, 6.8, 0, 0, 0, 1
8, 53.407, 1.864, 6.8, 0, 0, 0, 1
8, 47.047, 8.224, 6.8, 0, 0, 0, 1
8, 45.209, 8.224, 6.8, 0, 0, 0, 1
8, 51.569, 1.864, 6.8, 0, 0, 0, 1
8, 49.731, 1.864, 6.8, 0, 0, 0, 1
8, 43.371, 8.224, 6.8, 0, 0, 0, 1
8, 41.532, 8.224, 6.8, 0, 0, 0, 1
8, 47.892, 1.864, 6.8, 0, 0, 0, 1
8, 46.054, 1.864, 6.8, 0, 0, 0, 1
8, 39.694, 8.224, 6.8, 0, 0, 0, 1
8, 37.855, 8.224, 6.8, 0, 0, 0, 1
8, 44.215, 1.864, 6.8, 0, 0, 0, 1
8, 42.377, 1.864, 6.8, 0, 0, 0, 1
8, 36.017, 8.224, 6.8, 0, 0, 0, 1
8, 34.178, 8.224, 6.8, 0, 0, 0, 1
8, 40.538, 1.864, 6.8, 0, 0, 0, 1
8, 38.7, 1.864, 6.8, 0, 0, 0, 1
8, 32.34, 8.224, 6.8, 0, 0, 0, 1
8, 30.501, 8.224, 6.8, 0, 0, 0, 1
8, 36.861, 1.864, 6.8, 0, 0, 0, 1
8, 35.023, 1.864, 6.8, 0, 0, 0, 1
8, 28.663, 8.224, 6.8, 0, 0, 0, 1
8, 26.824, 8.224, 6.8, 0, 0, 0, 1
8, 33.184, 1.864, 6.8, 0, 0, 0, 1
8, 31.346, 1.864, 6.8, 0, 0, 0, 1
8, 24.986, 8.224, 6.8, 0, 0, 0, 1
8, 23.147, 8.224, 6.8, 0, 0, 0, 1
8, 29.507, 1.864, 6.8, 0, 0, 0, 1
8, 27.669, 1.864, 6.8, 0, 0, 0, 1
8, 21.309, 8.224, 6.8, 0, 0, 0, 1
8, 19.47, 8.224, 6.8, 0, 0, 0, 1
8, 25.83, 1.864, 6.8, 0, 0, 0, 1
8, 23.992, 1.864, 6.8, 0, 0, 0, 1
8, 17.632, 8.224, 6.8, 0, 0, 0, 1
8, 15.793, 8.224, 6.8, 0, 0, 0, 1
8, 22.153, 1.864, 6.8, 0, 0, 0, 1
8, 20.315, 1.864, 6.8, 0, 0, 0, 1
8, 13.955, 8.224, 6.8, 0, 0, 0, 1
8, 12.116, 8.224, 6.8, 0, 0, 0, 1
8, 18.476, 1.864, 6.8, 0, 0, 0, 1
8, 16.638, 1.864, 6.8, 0, 0, 0, 1
8, 10.278, 8.224, 6.8, 0, 0, 0, 1
8, 8.439, 8.224, 6.8, 0, 0, 0, 1
8, 14.799, 1.864, 6.8, 0, 0, 0, 1
8, 12.961, 1.864, 6.8, 0, 0, 0, 1
8, 6.601, 8.224, 6.8, 0, 0, 0, 1
8, 4.762, 8.224, 6.8, 0, 0, 0, 1
8, 11.122, 1.864, 6.8, 0, 0, 0, 1
8, 9.284, 1.864, 6.8, 0, 0, 0, 1
8, 2.924, 8.224, 6.8, 0, 0, 0, 1
8, 1.824, 8.224, 6.8, 0, 0, 0, 1
8, 1.824, 7.486, 6.8, 0, 0, 0, 1
8, 7.446, 1.864, 6.8, 0, 0, 0, 1
8, 5.607, 1.864, 6.8, 0, 0, 0, 1
8, 1.824, 5.647, 6.8, 0, 0, 0, 1
8, 1.824, 3.809, 6.8, 0, 0, 0, 1
8, 3.769, 1.864, 6.8, 0, 0, 0, 1
8, 1.93, 1.864, 6.8, 0, 0, 0, 1
8, 1.824, 1.97, 6.8, 0, 0, 0, 1
9, 0.654, 0.694, 7.65, 0, 0, 0, 0
9, 59.354, 0.694, 7.65, 0, 0, 0, 1
9, 59.354, 9.394, 7.65, 0, 0, 0, 1
9, 0.654, 9.394, 7.65, 0, 0, 0, 1
9, 0.654, 0.694, 7.65, 0, 0, 0, 1
9, 1.93, 8.224, 7.65, 0, 0, 0, 0
9, 1.824, 8.119, 7.65, 0, 0, 0, 1
9, 1.824, 6.28, 7.65, 0, 0, 0, 1
9, 3.769, 8.224, 7.65, 0, 0, 0, 1
9, 5.607, 8.224, 7.65, 0, 0, 0, 1
9, 1.824, 4.442, 7.65, 0, 0, 0, 1
9, 1.824, 2.603, 7.65, 0, 0, 0, 1
9, 7.445, 8.224, 7.65, 0, 0, 0, 1
9, 9.284, 8.224, 7.65, 0, 0, 0, 1
9, 2.924, 1.864, 7.65, 0, 0, 0, 1
9, 4.762, 1.864, 7.65, 0, 0, 0, 1
9, 11.122, 8.224, 7.65, 0, 0, 0, 1
9, 12.961, 8.224, 7.65, 0, 0, 0, 1
9, 6.601, 1.864, 7.65, 0, 0, 0, 1
9, 8.439, 1.864, 7.65, 0, 0, 0, 1
9, 14.799, 8.224, 7.65, 0, 0, 0, 1
9, 16.638, 8.224, 7.65, 0, 0, 0, 1
9, 10.278, 1.864, 7.65, 0, 0, 0, 1
9, 12.116, 1.864, 7.65, 0, 0, 0, 1
9, 18.476, 8.224, 7.65, 0, 0, 0, 1
9, 20.315, 8.224, 7.65, 0, 0, 0, 1
9, 13.955, 1.864, 7.65, 0, 0, 0, 1
9, 15.793, 1.864, 7.65, 0, 0, 0, 1
9, 22.153, 8.224, 7.65, 0, 0, 0, 1
9, 23.992, 8.224, 7.65, 0, 0, 0, 1
9, 17.632, 1.864, 7.65, 0, 0, 0, 1
9, 19.47, 1.864, 7.65, 0, 0, 0, 1
9, 25.83, 8.224, 7.65, 0, 0, 0, 1
9, 27.669, 8.224, 7.65, 0, 0, 0, 1
9, 21.309, 1.864, 7.65, 0, 0, 0, 1
9, 23.147, 1.864, 7.65, 0, 0, 0, 1
9, 29.507, 8.224, 7.65, 0, 0, 0, 1
9, 31.346, 8.224, 7.65, 0, 0, 0, 1
9, 24.986, 1.864, 7.65, 0, 0, 0, 1
9, 26.824, 1.864, 7.65, 0, 0, 0, 1
9, 33.184, 8.224, 7.65, 0, 0, 0, 1
9, 35.023, 8.224, 7.65, 0, 0, 0, 1
9, 28.663, 1.864, 7.65, 0, 0, 0, 1
9, 30.501, 1.864, 7.65, 0, 0, 0, 1
9, 36.861, 8.224, 7.65, 0, 0, 0, 1
9, 38.7, 8.224, 7.65, 0, 0, 0, 1
9, 32.34, 1.864, 7.65, 0, 0, 0, 1
9, 34.178, 1.864, 7.65, 0, 0, 0, 1
9, 40.538, 8.224, 7.65, 0, 0, 0, 1
9, 42.377, 8.224, 7.65, 0, 0, 0, 1
9, 36.017, 1.864, 7.65, 0, 0, 0, 1
9, 37.855, 1.864, 7.65, 0, 0, 0, 1
9, 44.215, 8.224, 7.65, 0, 0, 0, 1
9, 46.054, 8.224, 7.65, 0, 0, 0, 1
9, 39.694, 1.864, 7.65, 0, 0, 0, 1
9, 41.532, 1.864, 7.65, 0, 0, 0, 1
9, 47.892, 8.224, 7.65, 0, 0, 0, 1
9, 49.73, 8.224, 7.65, 0, 0, 0, 1
9, 43.37, 1.864, 7.65, 0, 0, 0, 1
9, 45.209, 1.864, 7.65, 0, 0, 0, 1
9, 51.569, 8.224, 7.65, 0, 0, 0, 1
9, 53.407, 8.224, 7.65, 0, 0, 0, 1
9, 47.047, 1.864, 7.65, 0, 0, 0, 1
9, 48.886, 1.864, 7.65, 0, 0, 0, 1
9, 55.246, 8.224, 7.65, 0, 0, 0, 1
9, 57.084, 8.224, 7.65, 0, 0, 0, 1
9, 50.724, 1.864, 7.65, 0, 0, 0, 1
9, 52.563, 1.864, 7.65, 0, 0, 0, 1
9, 58.184, 7.486, 7.65, 0, 0, 0, 1
9, 58.184, 5.647, 7.65, 0, 0, 0, 1
9, 54.401, 1.864, 7.65, 0, 0, 0, 1
9, 56.24, 1.864, 7.65, 0, 0, 0, 1
9, 58.184, 3.809, 7.65, 0, 0, 0, 1
9, 58.184, 1.97, 7.65, 0, 0, 0, 1
9, 58.078, 1.864, 7.65, 0, 0, 0, 1
10, 59.354, 9.394, 8.5, 0, 0, 0, 0
10, 0.654, 9.394, 8.5, 0, 0, 0, 1
10, 0.654, 0.694, 8.5, 0, 0, 0, 1
10, 59.354, 0.694, 8.5, 0, 0, 0, 1
10, 59.354, 9.394, 8.5, 0, 0, 0, 1
10, 58.184, 8.119, 8.5, 0, 0, 0, 0
10, 58.078, 8.224, 8.5, 0, 0, 0, 1
10, 56.24, 8.224, 8.5, 0, 0, 0, 1
10, 58.184, 6.28, 8.5, 0, 0, 0, 1
10, 58.184, 4.442, 8.5, 0, 0, 0, 1
10, 54.401, 8.224, 8.5, 0, 0, 0, 1
10, 52.563, 8.224, 8.5, 0, 0, 0, 1
10, 58.184, 2.603, 8.5, 0, 0, 0, 1
10, 58.184, 1.864, 8.5, 0, 0, 0, 1
10, 57.084, 1.864, 8.5, 0, 0, 0, 1
10, 50.724, 8.224, 8.5, 0, 0, 0, 1
10, 48.886, 8.224, 8.5, 0, 0, 0, 1
10, 55.246, 1.864, 8.5, 0, 0, 0, 1
10, 53.407, 1.864, 8.5, 0, 0, 0, 1
10, 47.047, 8.224, 8.5, 0, 0, 0, 1
10, 45.209, 8.224, 8.5, 0, 0, 0, 1
10, 51.569, 1.864, 8.5, 0, 0, 0, 1
10, 49.731, 1.864, 8.5, 0, 0, 0, 1
10, 43.371, 8.224, 8.5, 0, 0, 0, 1
10, 41.532, 8.224, 8.5, 0, 0, 0, 1
10, 47.892, 1.864, 8.5, 0, 0, 0, 1
10, 46.054, 1.864, 8.5, 0, 0, 0, 1
10, 39.694, 8.224, 8.5, 0, 0, 0, 1
10, 37.855, 8.224, 8.5, 0, 0, 0, 1
10, 44.215, 1.864, 8.5, 0, 0, 0, 1
10, 42.377, 1.864, 8.5, 0, 0, 0, 1
10, 36.017, 8.224, 8.5, 0, 0, 0, 1
10, 34.178, 8.224, 8.5, 0, 0, 0, 1
10, 40.538, 1.864, 8.5, 0, 0, 0, 1
10, 38.7, 1.864, 8.5, 0, 0, 0, 1
10, 32.34, 8.224, 8.5, 0, 0, 0, 1
10, 30.501, 8.224, 8.5, 0, 0, 0, 1
10, 36.861, 1.864, 8.5, 0, 0, 0, 1
10, 35.023, 1.864, 8.5, 0, 0, 0, 1
10, 28.663, 8.224, 8.5, 0, 0, 0, 1
10, 26.824, 8.224, 8.5, 0, 0, 0, 1
10, 33.184, 1.864, 8.5, 0, 0, 0, 1
10, 31.346, 1.864, 8.5, 0, 0, 0, 1
10, 24.986, 8.224, 8.5, 0, 0, 0, 1
10, 23.147, 8.224, 8.5, 0, 0, 0, 1
10, 29.507, 1.864, 8.5, 0, 0, 0, 1
10, 27.669, 1.864, 8.5, 0, 0, 0, 1
10, 21.309, 8.224, 8.5, 0, 0, 0, 1
10, 19.47, 8.224, 8.5, 0, 0, 0, 1
10, 25.83, 1.864, 8.5, 0, 0, 0, 1
10, 23.992, 1.864, 8.5, 0, 0, 0, 1
10, 17.632, 8.224, 8.5, 0, 0, 0, 1
10, 15.793, 8.224, 8.5, 0, 0, 0, 1
10, 22.153, 1.864, 8.5, 0, 0, 0, 1
10, 20.315, 1.864, 8.5, 0, 0, 0, 1
10, 13.955, 8.224, 8.5, 0, 0, 0, 1
10, 12.116, 8.224, 8.5, 0, 0, 0, 1
10, 18.476, 1.864, 8.5, 0, 0, 0, 1
10, 16.638, 1.864, 8.5, 0, 0, 0, 1
10, 10.278, 8.224, 8.5, 0, 0, 0, 1
10, 8.439, 8.224, 8.5, 0, 0, 0, 1
10, 14.799, 1.864, 8.5, 0, 0, 0, 1
10, 12.961, 1.864, 8.5, 0, 0, 0, 1
10, 6.601, 8.224, 8.5, 0, 0, 0, 1
10, 4.762, 8.224, 8.5, 0, 0, 0, 1
10, 11.122, 1.864, 8.5, 0, 0, 0, 1
10, 9.284, 1.864, 8.5, 0, 0, 0, 1
10, 2.924, 8.224, 8.5, 0, 0, 0, 1
10, 1.824, 8.224, 8.5, 0, 0, 0, 1
10, 1.824, 7.486, 8.5, 0, 0, 0, 1
10, 7.446, 1.864, 8.5, 0, 0, 0, 1
10, 5.607, 1.864, 8.5, 0, 0, 0, 1
10, 1.824, 5.647, 8.5, 0, 0, 0, 1
10, 1.824, 3.809, 8.5, 0, 0, 0, 1
10, 3.769, 1.864, 8.5, 0, 0, 0, 1
10, 1.93, 1.864, 8.5, 0, 0, 0, 1
10, 1.824, 1.97, 8.5, 0, 0, 0, 1
11, 59.354, 9.394, 9.35, 0, 0, 0, 0
11, 0.654, 9.394, 9.35, 0, 0, 0, 1
11, 0.654, 0.694, 9.35, 0, 0, 0, 1
11, 59.354, 0.694, 9.35, 0, 0, 0, 1
11, 59.354, 9.394, 9.35, 0, 0, 0, 1
11, 58.078, 1.864, 9.35, 0, 0, 0, 0
11, 58.184, 1.97, 9.35, 0, 0, 0, 1
11, 58.184, 3.809, 9.35, 0, 0, 0, 1
11, 56.24, 1.864, 9.35, 0, 0, 0, 1
11, 54.401, 1.864, 9.35, 0, 0, 0, 1
11, 58.184, 5.647, 9.35, 0, 0, 0, 1
11, 58.184, 7.486, 9.35, 0, 0, 0, 1
11, 52.563, 1.864, 9.35, 0, 0, 0, 1
11, 50.724, 1.864, 9.35, 0, 0, 0, 1
11, 57.084, 8.224, 9.35, 0, 0, 0, 1
11, 55.246, 8.224, 9.35, 0, 0, 0, 1
11, 48.886, 1.864, 9.35, 0, 0, 0, 1
11, 47.047, 1.864, 9.35, 0, 0, 0, 1
11, 53.407, 8.224, 9.35, 0, 0, 0, 1
11, 51.569, 8.224, 9.35, 0, 0, 0, 1
11, 45.209, 1.864, 9.35, 0, 0, 0, 1
11, 43.37, 1.864, 9.35, 0, 0, 0, 1
11, 49.73, 8.224, 9.35, 0, 0, 0, 1
11, 47.892, 8.224, 9.35, 0, 0, 0, 1
11, 41.532, 1.864, 9.35, 0, 0, 0, 1
11, 39.694, 1.864, 9.35, 0, 0, 0, 1
11, 46.054, 8.224, 9.35, 0, 0, 0, 1
11, 44.215, 8.224, 9.35, 0, 0, 0, 1
11, 37.855, 1.864, 9.35, 0, 0, 0, 1
11, 36.017, 1.864, 9.35, 0, 0, 0, 1
11, 42.377, 8.224, 9.35, 0, 0, 0, 1
11, 40.538, 8.224, 9.35, 0, 0, 0, 1
11, 34.178, 1.864, 9.35, 0, 0, 0, 1
11, 32.34, 1.864, 9.35, 0, 0, 0, 1
11, 38.7, 8.224, 9.35, 0, 0, 0, 1
11, 36.861, 8.224, 9.35, 0, 0, 0, 1
11, 30.501, 1.864, 9.35, 0, 0, 0, 1
11, 28.663, 1.864, 9.35, 0, 0, 0, 1
11, 35.023, 8.224, 9.35, 0, 0, 0, 1
11, 33.184, 8.224, 9.35, 0, 0, 0, 1
11, 26.824, 1.864, 9.35, 0, 0, 0, 1
11, 24.986, 1.864, 9.35, 0, 0, 0, 1
11, 31.346, 8.224, 9.35, 0, 0, 0, 1
11, 29.507, 8.224, 9.35, 0, 0, 0, 1
11, 23.147, 1.864, 9.35, 0, 0, 0, 1
11, 21.309, 1.864, 9.35, 0, 0, 0, 1
11, 27.669, 8.224, 9.35, 0, 0, 0, 1
11, 25.83, 8.224, 9.35, 0, 0, 0, 1
11, 19.47, 1.864, 9.35, 0, 0, 0, 1
11, 17.632, 1.864, 9.35, 0, 0, 0, 1
11, 23.992, 8.224, 9.35, 0, 0, 0, 1
11, 22.153, 8.224, 9.35, 0, 0, 0, 1
11, 15.793, 1.864, 9.35, 0, 0, 0, 1
11, 13.955, 1.864, 9.35, 0, 0, 0, 1
11, 20.315, 8.224, 9.35, 0, 0, 0, 1
11, 18.476, 8.224, 9.35, 0, 0, 0, 1
11, 12.116, 1.864, 9.35, 0, 0, 0, 1
11, 10.278, 1.864, 9.35, 0, 0, 0, 1
11, 16.638, 8.224, 9.35, 0, 0, 0, 1
11, 14.799, 8.224, 9.35, 0, 0, 0, 1
11, 8.439, 1.864, 9.35, 0, 0, 0, 1
11, 6.601, 1.864, 9.35, 0, 0, 0, 1
11, 12.961, 8.224, 9.35, 0, 0, 0, 1
11, 11.122, 8.224, 9.35, 0, 0, 0, 1
11, 4.762, 1.864, 9.35, 0, 0, 0, 1
11, 2.924, 1.864, 9.35, 0, 0, 0, 1
11, 9.284, 8.224, 9.35, 0, 0, 0, 1
11, 7.445, 8.224, 9.35, 0, 0, 0, 1
11, 1.824, 2.603, 9.35, 0, 0, 0, 1
11, 1.824, 4.442, 9.35, 0, 0, 0, 1
11, 5.607, 8.224, 9.35, 0, 0, 0, 1
11, 3.769, 8.224, 9.35, 0, 0, 0, 1
11, 1.824, 6.28, 9.35, 0, 0, 0, 1
11, 1.824, 8.119, 9.35, 0, 0, 0, 1
11, 1.93, 8.224, 9.35, 0, 0, 0, 1
12, 0.654, 9.394, 10.2, 0, 0, 0, 0
12, 0.654, 0.694, 10.2, 0, 0, 0, 1
12, 59.354, 0.694, 10.2, 0, 0, 0, 1
12, 59.354, 9.394, 10.2, 0, 0, 0, 1
12, 0.654, 9.394, 10.2, 0, 0, 0, 1
12, 1.824, 1.97, 10.2, 0, 0, 0, 0
12, 1.93, 1.864, 10.2, 0, 0, 0, 1
12, 3.769, 1.864, 10.2, 0, 0, 0, 1
12, 1.824, 3.809, 10.2, 0, 0, 0, 1
12, 1.824, 5.647, 10.2, 0, 0, 0, 1
12, 5.607, 1.864, 10.2, 0, 0, 0, 1
12, 7.446, 1.864, 10.2, 0, 0, 0, 1
12, 1.824, 7.486, 10.2, 0, 0, 0, 1
12, 1.824, 8.224, 10.2, 0, 0, 0, 1
12, 2.924, 8.224, 10.2, 0, 0, 0, 1
12, 9.284, 1.864, 10.2, 0, 0, 0, 1
12, 11.122, 1.864, 10.2, 0, 0, 0, 1
12, 4.762, 8.224, 10.2, 0, 0, 0, 1
12, 6.601, 8.224, 10.2, 0, 0, 0, 1
12, 12.961, 1.864, 10.2, 0, 0, 0, 1
12, 14.799, 1.864, 10.2, 0, 0, 0, 1
12, 8.439, 8.224, 10.2, 0, 0, 0, 1
12, 10.278, 8.224, 10.2, 0, 0, 0, 1
12, 16.638, 1.864, 10.2, 0, 0, 0, 1
12, 18.476, 1.864, 10.2, 0, 0, 0, 1
12, 12.116, 8.224, 10.2, 0, 0, 0, 1
12, 13.955, 8.224, 10.2, 0, 0, 0, 1
12, 20.315, 1.864, 10.2, 0, 0, 0, 1
12, 22.153, 1.864, 10.2, 0, 0, 0, 1
12, 15.793, 8.224, 10.2, 0, 0, 0, 1
12, 17.632, 8.224, 10.2, 0, 0, 0, 1
12, 23.992, 1.864, 10.2, 0, 0, 0, 1
12, 25.83, 1.864, 10.2, 0, 0, 0, 1
12, 19.47, 8.224, 10.2, 0, 0, 0, 1
12, 21.309, 8.224, 10.2, 0, 0, 0, 1
12, 27.669, 1.864, 10.2, 0, 0, 0, 1
12, 29.507, 1.864, 10.2, 0, 0, 0, 1
12, 23.147, 8.224, 10.2, 0, 0, 0, 1
12, 24.986, 8.224, 10.2, 0, 0, 0, 1
12, 31.346, 1.864, 10.2, 0, 0, 0, 1
12, 33.184, 1.864, 10.2, 0, 0, 0, 1
12, 26.824, 8.224, 10.2, 0, 0, 0, 1
12, 28.663, 8.224, 10.2, 0, 0, 0, 1
12, 35.023, 1.864, 10.2, 0, 0, 0, 1
12, 36.861, 1.864, 10.2, 0, 0, 0, 1
12, 30.501, 8.224, 10.2, 0, 0, 0, 1
12, 32.34, 8.224, 10.2, 0, 0, 0, 1
12, 38.7, 1.864, 10.2, 0, 0, 0, 1
12, 40.538, 1.864, 10.2, 0, 0, 0, 1
12, 34.178, 8.224, 10.2, 0, 0, 0, 1
12, 36.017, 8.224, 10.2, 0, 0, 0, 1
12, 42.377, 1.864, 10.2, 0, 0, 0, 1
12, 44.215, 1.864, 10.2, 0, 0, 0, 1
12, 37.855, 8.224, 10.2, 0, 0, 0, 1
12, 39.694, 8.224, 10.2, 0, 0, 0, 1
12, 46.054, 1.864, 10.2, 0, 0, 0, 1
12, 47.892, 1.864, 10.2, 0, 0, 0, 1
12, 41.532, 8.224, 10.2, 0, 0, 0, 1
12, 43.371, 8.224, 10.2, 0, 0, 0, 1
12, 49.731, 1.864, 10.2, 0, 0, 0, 1
12, 51.569, 1.864, 10.2, 0, 0, 0, 1
12, 45.209, 8.224, 10.2, 0, 0, 0, 1
12, 47.047, 8.224, 10.2, 0, 0, 0, 1
12, 53.407, 1.864, 10.2, 0, 0, 0, 1
12, 55.246, 1.864, 10.2, 0, 0, 0, 1
12, 48.886, 8.224, 10.2, 0, 0, 0, 1
12, 50.724, 8.224, 10.2, 0, 0, 0, 1
12, 57.084, 1.864, 10.2, 0, 0, 0, 1
12, 58.184, 1.864, 10.2, 0, 0, 0, 1
12, 58.184, 2.603, 10.2, 0, 0, 0, 1
12, 52.563, 8.224, 10.2, 0, 0, 0, 1
12, 54.401, 8.224, 10.2, 0, 0, 0, 1
12, 58.184, 4.442, 10.2, 0, 0, 0, 1
12, 58.184, 6.28, 10.2, 0, 0, 0, 1
12, 56.24, 8.224, 10.2, 0, 0, 0, 1
12, 58.078, 8.224, 10.2, 0, 0, 0, 1
12, 58.184, 8.119, 10.2, 0, 0, 0, 1
13, 0.654, 0.694, 11.05, 0, 0, 0, 0
13, 59.354, 0.694, 11.05, 0, 0, 0, 1
13, 59.354, 9.394, 11.05, 0, 0, 0, 1
13, 0.654, 9.394, 11.05, 0, 0, 0, 1
13, 0.654, 0.694, 11.05, 0, 0, 0, 1
13, 1.93, 8.224, 11.05, 0, 0, 0, 0
13, 1.824, 8.119, 11.05, 0, 0, 0, 1
13, 1.824, 6.28, 11.05, 0, 0, 0, 1
13, 3.769, 8.224, 11.05, 0, 0, 0, 1
13, 5.607, 8.224, 11.05, 0, 0, 0, 1
13, 1.824, 4.442, 11.05, 0, 0, 0, 1
13, 1.824, 2.603, 11.05, 0, 0, 0, 1
13, 7.445, 8.224, 11.05, 0, 0, 0, 1
13, 9.284, 8.224, 11.05, 0, 0, 0, 1
13, 2.924, 1.864, 11.05, 0, 0, 0, 1
13, 4.762, 1.864, 11.05, 0, 0, 0, 1
13, 11.122, 8.224, 11.05, 0, 0, 0, 1
13, 12.961, 8.224, 11.05, 0, 0, 0, 1
13, 6.601, 1.864, 11.05, 0, 0, 0, 1
13, 8.439, 1.864, 11.05, 0, 0, 0, 1
13, 14.799, 8.224, 11.05, 0, 0, 0, 1
13, 16.638, 8.224, 11.05, 0, 0, 0, 1
13, 10.278, 1.864, 11.05, 0, 0, 0, 1
13, 12.116, 1.864, 11.05, 0, 0, 0, 1
13, 18.476, 8.224, 11.05, 0, 0, 0, 1
13, 20.315, 8.224, 11.05, 0, 0, 0, 1
13, 13.955, 1.864, 11.05, 0, 0, 0, 1
13, 15.793, 1.864, 11.05, 0, 0, 0, 1
13, 22.153, 8.224, 11.05, 0, 0, 0, 1
13, 23.992, 8.224, 11.05, 0, 0, 0, 1
13, 17.632, 1.864, 11.05, 0, 0, 0, 1
13, 19.47, 1.864, 11.05, 0, 0, 0, 1
13, 25.83, 8.224, 11.05, 0, 0, 0, 1
13, 27.669, 8.224, 11.05, 0, 0, 0, 1
13, 21.309, 1.864, 11.05, 0, 0, 0, 1
13, 23.147, 1.864, 11.05, 0, 0, 0, 1
13, 29.507, 8.224, 11.05, 0, 0, 0, 1
13, 31.346, 8.224, 11.05, 0, 0, 0, 1
13, 24.986, 1.864, 11.05, 0, 0, 0, 1
13, 26.824, 1.864, 11.05, 0, 0, 0, 1
13, 33.184, 8.224, 11.05, 0, 0, 0, 1
13, 35.023, 8.224, 11.05, 0, 0, 0, 1
13, 28.663, 1.864, 11.05, 0, 0, 0, 1
13, 30.501, 1.864, 11.05, 0, 0, 0, 1
13, 36.861, 8.224, 11.05, 0, 0, 0, 1
13, 38.7, 8.224, 11.05, 0, 0, 0, 1
13, 32.34, 1.864, 11.05, 0, 0, 0, 1
13, 34.178, 1.864, 11.05, 0, 0, 0, 1
13, 40.538, 8.224, 11.05, 0, 0, 0, 1
13, 42.377, 8.224, 11.05, 0, 0, 0, 1
13, 36.017, 1.864, 11.05, 0, 0, 0, 1
13, 37.855, 1.864, 11.05, 0, 0, 0, 1
13, 44.215, 8.224, 11.05, 0, 0, 0, 1
13, 46.054, 8.224, 11.05, 0, 0, 0, 1
13, 39.694, 1.864, 11.05, 0, 0, 0, 1
13, 41.532, 1.864, 11.05, 0, 0, 0, 1
13, 47.892, 8.224, 11.05, 0, 0, 0, 1
13, 49.73, 8.224, 11.05, 0, 0, 0, 1
13, 43.37, 1.864, 11.05, 0, 0, 0, 1
13, 45.209, 1.864, 11.05, 0, 0, 0, 1
13, 51.569, 8.224, 11.05, 0, 0, 0, 1
13, 53.407, 8.224, 11.05, 0, 0, 0, 1
13, 47.047, 1.864, 11.05, 0, 0, 0, 1
13, 48.886, 1.864, 11.05, 0, 0, 0, 1
13, 55.246, 8.224, 11.05, 0, 0, 0, 1
13, 57.084, 8.224, 11.05, 0, 0, 0, 1
13, 50.724, 1.864, 11.05, 0, 0, 0, 1
13, 52.563, 1.864, 11.05, 0, 0, 0, 1
13, 58.184, 7.486, 11.05, 0, 0, 0, 1
13, 58.184, 5.647, 11.05, 0, 0, 0, 1
13, 54.401, 1.864, 11.05, 0, 0, 0, 1
13, 56.24, 1.864, 11.05, 0, 0, 0, 1
13, 58.184, 3.809, 11.05, 0, 0, 0, 1
13, 58.184, 1.97, 11.05, 0, 0, 0, 1
13, 58.078, 1.864, 11.05, 0, 0, 0, 1
14, 59.354, 9.394, 11.9, 0, 0, 0, 0
14, 0.654, 9.394, 11.9, 0, 0, 0, 1
14, 0.654, 0.694, 11.9, 0, 0, 0, 1
14, 59.354, 0.694, 11.9, 0, 0, 0, 1
14, 59.354, 9.394, 11.9, 0, 0, 0, 1
14, 58.184, 8.119, 11.9, 0, 0, 0, 0
14, 58.078, 8.224, 11.9, 0, 0, 0, 1
14, 56.24, 8.224, 11.9, 0, 0, 0, 1
14, 58.184, 6.28, 11.9, 0, 0, 0, 1
14, 58.184, 4.442, 11.9, 0, 0, 0, 1
14, 54.401, 8.224, 11.9, 0, 0, 0, 1
14, 52.563, 8.224, 11.9, 0, 0, 0, 1
14, 58.184, 2.603, 11.9, 0, 0, 0, 1
14, 58.184, 1.864, 11.9, 0, 0, 0, 1
14, 57.084, 1.864, 11.9, 0, 0, 0, 1
14, 50.724, 8.224, 11.9, 0, 0, 0, 1
14, 48.886, 8.224, 11.9, 0, 0, 0, 1
14, 55.246, 1.864, 11.9, 0, 0, 0, 1
14, 53.407, 1.864, 11.9, 0, 0, 0, 1
14, 47.047, 8.224, 11.9, 0, 0, 0, 1
14, 45.209, 8.224, 11.9, 0, 0, 0, 1
14, 51.569, 1.864, 11.9, 0, 0, 0, 1
14, 49.731, 1.864, 11.9, 0, 0, 0, 1
14, 43.371, 8.224, 11.9, 0, 0, 0, 1
14, 41.532, 8.224, 11.9, 0, 0, 0, 1
14, 47.892, 1.864, 11.9, 0, 0, 0, 1
14, 46.054, 1.864, 11.9, 0, 0, 0, 1
14, 39.694, 8.224, 11.9, 0, 0, 0, 1
14, 37.855, 8.224, 11.9, 0, 0, 0, 1
14, 44.215, 1.864, 11.9, 0, 0, 0, 1
14, 42.377, 1.864, 11.9, 0, 0, 0, 1
14, 36.017, 8.224, 11.9, 0, 0, 0, 1
14, 34.178, 8.224, 11.9, 0, 0, 0, 1
14, 40.538, 1.864, 11.9, 0, 0, 0, 1
14, 38.7, 1.864, 11.9, 0, 0, 0, 1
14, 32.34, 8.224, 11.9, 0, 0, 0, 1
14, 30.501, 8.224, 11.9, 0, 0, 0, 1
14, 36.861, 1.864, 11.9, 0, 0, 0, 1
14, 35.023, 1.864, 11.9, 0, 0, 0, 1
14, 28.663, 8.224, 11.9, 0, 0, 0, 1
14, 26.824, 8.224, 11.9, 0, 0, 0, 1
14, 33.184, 1.864, 11.9, 0, 0, 0, 1
14, 31.346, 1.864, 11.9, 0, 0, 0, 1
14, 24.986, 8.224, 11.9, 0, 0, 0, 1
14, 23.147, 8.224, 11.9, 0, 0, 0, 1
14, 29.507, 1.864, 11.9, 0, 0, 0, 1
14, 27.669, 1.864, 11.9, 0, 0, 0, 1
14, 21.309, 8.224, 11.9, 0, 0, 0, 1
14, 19.47, 8.224, 11.9, 0, 0, 0, 1
14, 25.83, 1.864, 11.9, 0, 0, 0, 1
14, 23.992, 1.864, 11.9, 0, 0, 0, 1
14, 17.632, 8.224, 11.9, 0, 0, 0, 1
14, 15.793, 8.224, 11.9, 0, 0, 0, 1
14, 22.153, 1.864, 11.9, 0, 0, 0, 1
14, 20.315, 1.864, 11.9, 0, 0, 0, 1
14, 13.955, 8.224, 11.9, 0, 0, 0, 1
14, 12.116, 8.224, 11.9, 0, 0, 0, 1
14, 18.476, 1.864, 11.9, 0, 0, 0, 1
14, 16.638, 1.864, 11.9, 0, 0, 0, 1
14, 10.278, 8.224, 11.9, 0, 0, 0, 1
14, 8.439, 8.224, 11.9, 0, 0, 0, 1
14, 14.799, 1.864, 11.9, 0, 0, 0, 1
14, 12.961, 1.864, 11.9, 0, 0, 0, 1
14, 6.601, 8.224, 11.9, 0, 0, 0, 1
14, 4.762, 8.224, 11.9, 0, 0, 0, 1
14, 11.122, 1.864, 11.9, 0, 0, 0, 1
14, 9.284, 1.864, 11.9, 0, 0, 0, 1
14, 2.924, 8.224, 11.9, 0, 0, 0, 1
14, 1.824, 8.224, 11.9, 0, 0, 0, 1
14, 1.824, 7.486, 11.9, 0, 0, 0, 1
14, 7.446, 1.864, 11.9, 0, 0, 0, 1
14, 5.607, 1.864, 11.9, 0, 0, 0, 1
14, 1.824, 5.647, 11.9, 0, 0, 0, 1
14, 1.824, 3.809, 11.9, 0, 0, 0, 1
14, 3.769, 1.864, 11.9, 0, 0, 0, 1
14, 1.93, 1.864, 11.9, 0, 0, 0, 1
14, 1.824, 1.97, 11.9, 0, 0, 0, 1
15, 59.354, 0.694, 12.75, 0, 0, 0, 0
15, 59.354, 9.394, 12.75, 0, 0, 0, 1
15, 0.654, 9.394, 12.75, 0, 0, 0, 1
15, 0.654, 0.694, 12.75, 0, 0, 0, 1
15, 59.354, 0.694, 12.75, 0, 0, 0, 1
15, 58.078, 1.864, 12.75, 0, 0, 0, 0
15, 58.184, 1.97, 12.75, 0, 0, 0, 1
15, 58.184, 3.809, 12.75, 0, 0, 0, 1
15, 56.24, 1.864, 12.75, 0, 0, 0, 1
15, 54.401, 1.864, 12.75, 0, 0, 0, 1
15, 58.184, 5.647, 12.75, 0, 0, 0, 1
15, 58.184, 7.486, 12.75, 0, 0, 0, 1
15, 52.563, 1.864, 12.75, 0, 0, 0, 1
15, 50.724, 1.864, 12.75, 0, 0, 0, 1
15, 57.084, 8.224, 12.75, 0, 0, 0, 1
15, 55.246, 8.224, 12.75, 0, 0, 0, 1
15, 48.886, 1.864, 12.75, 0, 0, 0, 1
15, 47.047, 1.864, 12.75, 0, 0, 0, 1
15, 53.407, 8.224, 12.75, 0, 0, 0, 1
15, 51.569, 8.224, 12.75, 0, 0, 0, 1
15, 45.209, 1.864, 12.75, 0, 0, 0, 1
15, 43.37, 1.864, 12.75, 0, 0, 0, 1
15, 49.73, 8.224, 12.75, 0, 0, 0, 1
15, 47.892, 8.224, 12.75, 0, 0, 0, 1
15, 41.532, 1.864, 12.75, 0, 0, 0, 1
15, 39.694, 1.864, 12.75, 0, 0, 0, 1
15, 46.054, 8.224, 12.75, 0, 0, 0, 1
15, 44.215, 8.224, 12.75, 0, 0, 0, 1
15, 37.855, 1.864, 12.75, 0, 0, 0, 1
15, 36.017, 1.864, 12.75, 0, 0, 0, 1
15, 42.377, 8.224, 12.75, 0, 0, 0, 1
15, 40.538, 8.224, 12.75, 0, 0, 0, 1
15, 34.178, 1.864, 12.75, 0, 0, 0, 1
15, 32.34, 1.864, 12.75, 0, 0, 0, 1
15, 38.7, 8.224, 12.75, 0, 0, 0, 1
15, 36.861, 8.224, 12.75, 0, 0, 0, 1
15, 30.501, 1.864, 12.75, 0, 0, 0, 1
15, 28.663, 1.864, 12.75, 0, 0, 0, 1
15, 35.023, 8.224, 12.75, 0, 0, 0, 1
15, 33.184, 8.224, 12.75, 0, 0, 0, 1
15, 26.824, 1.864, 12.75, 0, 0, 0, 1
15, 24.986, 1.864, 12.75, 0, 0, 0, 1
15, 31.346, 8.224, 12.75, 0, 0, 0, 1
15, 29.507, 8.224, 12.75, 0, 0, 0, 1
15, 23.147, 1.864, 12.75, 0, 0, 0, 1
15, 21.309, 1.864, 12.75, 0, 0, 0, 1
15, 27.669, 8.224, 12.75, 0, 0, 0, 1
15, 25.83, 8.224, 12.75, 0, 0, 0, 1
15, 19.47, 1.864, 12.75, 0, 0, 0, 1
15, 17.632, 1.864, 12.75, 0, 0, 0, 1
15, 23.992, 8.224, 12.75, 0, 0, 0, 1
15, 22.153, 8.224, 12.75, 0, 0, 0, 1
15, 15.793, 1.864, 12.75, 0, 0, 0, 1
15, 13.955, 1.864, 12.75, 0, 0, 0, 1
15, 20.315, 8.224, 12.75, 0, 0, 0, 1
15, 18.476, 8.224, 12.75, 0, 0, 0, 1
15, 12.116, 1.864, 12.75, 0, 0, 0, 1
15, 10.278, 1.864, 12.75, 0, 0, 0, 1
15, 16.638, 8.224, 12.75, 0, 0, 0, 1
15, 14.799, 8.224, 12.75, 0, 0, 0, 1
15, 8.439, 1.864, 12.75, 0, 0, 0, 1
15, 6.601, 1.864, 12.75, 0, 0, 0, 1
15, 12.961, 8.224, 12.75, 0, 0, 0, 1
15, 11.122, 8.224, 12.75, 0, 0, 0, 1
15, 4.762, 1.864, 12.75, 0, 0, 0, 1
15, 2.924, 1.864, 12.75, 0, 0, 0, 1
15, 9.284, 8.224, 12.75, 0, 0, 0, 1
15, 7.445, 8.224, 12.75, 0, 0, 0, 1
15, 1.824, 2.603, 12.75, 0, 0, 0, 1
15, 1.824, 4.442, 12.75, 0, 0, 0, 1
15, 5.607, 8.224, 12.75, 0, 0, 0, 1
15, 3.769, 8.224, 12.75, 0, 0, 0, 1
15, 1.824, 6.28, 12.75, 0, 0, 0, 1
15, 1.824, 8.119, 12.75, 0, 0, 0, 1
15, 1.93, 8.224, 12.75, 0, 0, 0, 1
16, 0.654, 0.694, 13.6, 0, 0, 0, 0
16, 59.354, 0.694, 13.6, 0, 0, 0, 1
16, 59.354, 9.394, 13.6, 0, 0, 0, 1
16, 0.654, 9.394, 13.6, 0, 0, 0, 1
16, 0.654, 0.694, 13.6, 0, 0, 0, 1
16, 1.824, 1.97, 13.6, 0, 0, 0, 0
16, 1.93, 1.864, 13.6, 0, 0, 0, 1
16, 3.769, 1.864, 13.6, 0, 0, 0, 1
16, 1.824, 3.809, 13.6, 0, 0, 0, 1
16, 1.824, 5.647, 13.6, 0, 0, 0, 1
16, 5.607, 1.864, 13.6, 0, 0, 0, 1
16, 7.446, 1.864, 13.6, 0, 0, 0, 1
16, 1.824, 7.486, 13.6, 0, 0, 0, 1
16, 1.824, 8.224, 13.6, 0, 0, 0, 1
16, 2.924, 8.224, 13.6, 0, 0, 0, 1
16, 9.284, 1.864, 13.6, 0, 0, 0, 1
16, 11.122, 1.864, 13.6, 0, 0, 0, 1
16, 4.762, 8.224, 13.6, 0, 0, 0, 1
16, 6.601, 8.224, 13.6, 0, 0, 0, 1
16, 12.961, 1.864, 13.6, 0, 0, 0, 1
16, 14.799, 1.864, 13.6, 0, 0, 0, 1
16, 8.439, 8.224, 13.6, 0, 0, 0, 1
16, 10.278, 8.224, 13.6, 0, 0, 0, 1
16, 16.638, 1.864, 13.6, 0, 0, 0, 1
16, 18.476, 1.864, 13.6, 0, 0, 0, 1
16, 12.116, 8.224, 13.6, 0, 0, 0, 1
16, 13.955, 8.224, 13.6, 0, 0, 0, 1
16, 20.315, 1.864, 13.6, 0, 0, 0, 1
16, 22.153, 1.864, 13.6, 0, 0, 0, 1
16, 15.793, 8.224, 13.6, 0, 0, 0, 1
16, 17.632, 8.224, 13.6, 0, 0, 0, 1
16, 23.992, 1.864, 13.6, 0, 0, 0, 1
16, 25.83, 1.864, 13.6, 0, 0, 0, 1
16, 19.47, 8.224, 13.6, 0, 0, 0, 1
16, 21.309, 8.224, 13.6, 0, 0, 0, 1
16, 27.669, 1.864, 13.6, 0, 0, 0, 1
16, 29.507, 1.864, 13.6, 0, 0, 0, 1
16, 23.147, 8.224, 13.6, 0, 0, 0, 1
16, 24.986, 8.224, 13.6, 0, 0, 0, 1
16, 31.346, 1.864, 13.6, 0, 0, 0, 1
16, 33.184, 1.864, 13.6, 0, 0, 0, 1
16, 26.824, 8.224, 13.6, 0, 0, 0, 1
16, 28.663, 8.224, 13.6, 0, 0, 0, 1
16, 35.023, 1.864, 13.6, 0, 0, 0, 1
16, 36.861, 1.864, 13.6, 0, 0, 0, 1
16, 30.501, 8.224, 13.6, 0, 0, 0, 1
16, 32.34, 8.224, 13.6, 0, 0, 0, 1
16, 38.7, 1.864, 13.6, 0, 0, 0, 1
16, 40.538, 1.864, 13.6, 0, 0, 0, 1
16, 34.178, 8.224, 13.6, 0, 0, 0, 1
16, 36.017, 8.224, 13.6, 0, 0, 0, 1
16, 42.377, 1.864, 13.6, 0, 0, 0, 1
16, 44.215, 1.864, 13.6, 0, 0, 0, 1
16, 37.855, 8.224, 13.6, 0, 0, 0, 1
16, 39.694, 8.224, 13.6, 0, 0, 0, 1
16, 46.054, 1.864, 13.6, 0, 0, 0, 1
16, 47.892, 1.864, 13.6, 0, 0, 0, 1
16, 41.532, 8.224, 13.6, 0, 0, 0, 1
16, 43.371, 8.224, 13.6, 0, 0, 0, 1
16, 49.731, 1.864, 13.6, 0, 0, 0, 1
16, 51.569, 1.864, 13.6, 0, 0, 0, 1
16, 45.209, 8.224, 13.6, 0, 0, 0, 1
16, 47.047, 8.224, 13.6, 0, 0, 0, 1
16, 53.407, 1.864, 13.6, 0, 0, 0, 1
16, 55.246, 1.864, 13.6, 0, 0, 0, 1
16, 48.886, 8.224, 13.6, 0, 0, 0, 1
16, 50.724, 8.224, 13.6, 0, 0, 0, 1
16, 57.084, 1.864, 13.6, 0, 0, 0, 1
16, 58.184, 1.864, 13.6, 0, 0, 0, 1
16, 58.184, 2.603, 13.6, 0, 0, 0, 1
16, 52.563, 8.224, 13.6, 0, 0, 0, 1
16, 54.401, 8.224, 13.6, 0, 0, 0, 1
16, 58.184, 4.442, 13.6, 0, 0, 0, 1
16, 58.184, 6.28, 13.6, 0, 0, 0, 1
16, 56.24, 8.224, 13.6, 0, 0, 0, 1
16, 58.078, 8.224, 13.6, 0, 0, 0, 1
16, 58.184, 8.119, 13.6, 0, 0, 0, 1
17, 0.654, 0.694, 14.45, 0, 0, 0, 0
17, 59.354, 0.694, 14.45, 0, 0, 0, 1
17, 59.354, 9.394, 14.45, 0, 0, 0, 1
17, 0.654, 9.394, 14.45, 0, 0, 0, 1
17, 0.654, 0.694, 14.45, 0, 0, 0, 1
17, 1.93, 8.224, 14.45, 0, 0, 0, 0
17, 1.824, 8.119, 14.45, 0, 0, 0, 1
17, 1.824, 6.28, 14.45, 0, 0, 0, 1
17, 3.769, 8.224, 14.45, 0, 0, 0, 1
17, 5.607, 8.224, 14.45, 0, 0, 0, 1
17, 1.824, 4.442, 14.45, 0, 0, 0, 1
17, 1.824, 2.603, 14.45, 0, 0, 0, 1
17, 7.445, 8.224, 14.45, 0, 0, 0, 1
17, 9.284, 8.224, 14.45, 0, 0, 0, 1
17, 2.924, 1.864, 14.45, 0, 0, 0, 1
17, 4.762, 1.864, 14.45, 0, 0, 0, 1
17, 11.122, 8.224, 14.45, 0, 0, 0, 1
17, 12.961, 8.224, 14.45, 0, 0, 0, 1
17, 6.601, 1.864, 14.45, 0, 0, 0, 1
17, 8.439, 1.864, 14.45, 0, 0, 0, 1
17, 14.799, 8.224, 14.45, 0, 0, 0, 1
17, 16.638, 8.224, 14.45, 0, 0, 0, 1
17, 10.278, 1.864, 14.45, 0, 0, 0, 1
17, 12.116, 1.864, 14.45, 0, 0, 0, 1
17, 18.476, 8.224, 14.45, 0, 0, 0, 1
17, 20.315, 8.224, 14.45, 0, 0, 0, 1
17, 13.955, 1.864, 14.45, 0, 0, 0, 1
17, 15.793, 1.864, 14.45, 0, 0, 0, 1
17, 22.153, 8.224, 14.45, 0, 0, 0, 1
17, 23.992, 8.224, 14.45, 0, 0, 0, 1
17, 17.632, 1.864, 14.45, 0, 0, 0, 1
17, 19.47, 1.864, 14.45, 0, 0, 0, 1
17, 25.83, 8.224, 14.45, 0, 0, 0, 1
17, 27.669, 8.224, 14.45, 0, 0, 0, 1
17, 21.309, 1.864, 14.45, 0, 0, 0, 1
17, 23.147, 1.864, 14.45, 0, 0, 0, 1
17, 29.507, 8.224, 14.45, 0, 0, 0, 1
17, 31.346, 8.224, 14.45, 0, 0, 0, 1
17, 24.986, 1.864, 14.45, 0, 0, 0, 1
17, 26.824, 1.864, 14.45, 0, 0, 0, 1
17, 33.184, 8.224, 14.45, 0, 0, 0, 1
17, 35.023, 8.224, 14.45, 0, 0, 0, 1
17, 28.663, 1.864, 14.45, 0, 0, 0, 1
17, 30.501, 1.864, 14.45, 0, 0, 0, 1
17, 36.861, 8.224, 14.45, 0, 0, 0, 1
17, 38.7, 8.224, 14.45, 0, 0, 0, 1
17, 32.34, 1.864, 14.45, 0, 0, 0, 1
17, 34.178, 1.864, 14.45, 0, 0, 0, 1
17, 40.538, 8.224, 14.45, 0, 0, 0, 1
17, 42.377, 8.224, 14.45, 0, 0, 0, 1
17, 36.017, 1.864, 14.45, 0, 0, 0, 1
17, 37.855, 1.864, 14.45, 0, 0, 0, 1
17, 44.215, 8.224, 14.45, 0, 0, 0, 1
17, 46.054, 8.224, 14.45, 0, 0, 0, 1
17, 39.694, 1.864, 14.45, 0, 0, 0, 1
17, 41.532, 1.864, 14.45, 0, 0, 0, 1
17, 47.892, 8.224, 14.45, 0, 0, 0, 1
17, 49.73, 8.224, 14.45, 0, 0, 0, 1
17, 43.37, 1.864, 14.45, 0, 0, 0, 1
17, 45.209, 1.864, 14.45, 0, 0, 0, 1
17, 51.569, 8.224, 14.45, 0, 0, 0, 1
17, 53.407, 8.224, 14.45, 0, 0, 0, 1
17, 47.047, 1.864, 14.45, 0, 0, 0, 1
17, 48.886, 1.864, 14.45, 0, 0, 0, 1
17, 55.246, 8.224, 14.45, 0, 0, 0, 1
17, 57.084, 8.224, 14.45, 0, 0, 0, 1
17, 50.724, 1.864, 14.45, 0, 0, 0, 1
17, 52.563, 1.864, 14.45, 0, 0, 0, 1
17, 58.184, 7.486, 14.45, 0, 0, 0, 1
17, 58.184, 5.647, 14.45, 0, 0, 0, 1
17, 54.401, 1.864, 14.45, 0, 0, 0, 1
17, 56.24, 1.864, 14.45, 0, 0, 0, 1
17, 58.184, 3.809, 14.45, 0, 0, 0, 1
17, 58.184, 1.97, 14.45, 0, 0, 0, 1
17, 58.078, 1.864, 14.45, 0, 0, 0, 1
18, 59.354, 9.394, 15.3, 0, 0, 0, 0
18, 0.654, 9.394, 15.3, 0, 0, 0, 1
18, 0.654, 0.694, 15.3, 0, 0, 0, 1
18, 59.354, 0.694, 15.3, 0, 0, 0, 1
18, 59.354, 9.394, 15.3, 0, 0, 0, 1
18, 58.184, 8.119, 15.3, 0, 0, 0, 0
18, 58.078, 8.224, 15.3, 0, 0, 0, 1
18, 56.24, 8.224, 15.3, 0, 0, 0, 1
18, 58.184, 6.28, 15.3, 0, 0, 0, 1
18, 58.184, 4.442, 15.3, 0, 0, 0, 1
18, 54.401, 8.224, 15.3, 0, 0, 0, 1
18, 52.563, 8.224, 15.3, 0, 0, 0, 1
18, 58.184, 2.603, 15.3, 0, 0, 0, 1
18, 58.184, 1.864, 15.3, 0, 0, 0, 1
18, 57.084, 1.864, 15.3, 0, 0, 0, 1
18, 50.724, 8.224, 15.3, 0, 0, 0, 1
18, 48.886, 8.224, 15.3, 0, 0, 0, 1
18, 55.246, 1.864, 15.3, 0, 0, 0, 1
18, 53.407, 1.864, 15.3, 0, 0, 0, 1
18, 47.047, 8.224, 15.3, 0, 0, 0, 1
18, 45.209, 8.224, 15.3, 0, 0, 0, 1
18, 51.569, 1.864, 15.3, 0, 0, 0, 1
18, 49.731, 1.864, 15.3, 0, 0, 0, 1
18, 43.371, 8.224, 15.3, 0, 0, 0, 1
18, 41.532, 8.224, 15.3, 0, 0, 0, 1
18, 47.892, 1.864, 15.3, 0, 0, 0, 1
18, 46.054, 1.864, 15.3, 0, 0, 0, 1
18, 39.694, 8.224, 15.3, 0, 0, 0, 1
18, 37.855, 8.224, 15.3, 0, 0, 0, 1
18, 44.215, 1.864, 15.3, 0, 0, 0, 1
18, 42.377, 1.864, 15.3, 0, 0, 0, 1
18, 36.017, 8.224, 15.3, 0, 0, 0, 1
18, 34.178, 8.224, 15.3, 0, 0, 0, 1
18, 40.538, 1.864, 15.3, 0, 0, 0, 1
18, 38.7, 1.864, 15.3, 0, 0, 0, 1
18, 32.34, 8.224, 15.3, 0, 0, 0, 1
18, 30.501, 8.224, 15.3, 0, 0, 0, 1
18, 36.861, 1.864, 15.3, 0, 0, 0, 1
18, 35.023, 1.864, 15.3, 0, 0, 0, 1
18, 28.663, 8.224, 15.3, 0, 0, 0, 1
18, 26.824, 8.224, 15.3, 0, 0, 0, 1
18, 33.184, 1.864, 15.3, 0, 0, 0, 1
18, 31.346, 1.864, 15.3, 0, 0, 0, 1
18, 24.986, 8.224, 15.3, 0, 0, 0, 1
18, 23.147, 8.224, 15.3, 0, 0, 0, 1
18, 29.507, 1.864, 15.3, 0, 0, 0, 1
18, 27.669, 1.864, 15.3, 0, 0, 0, 1
18, 21.309, 8.224, 15.3, 0, 0, 0, 1
18, 19.47, 8.224, 15.3, 0, 0, 0, 1
18, 25.83, 1.864, 15.3, 0, 0, 0, 1
18, 23.992, 1.864, 15.3, 0, 0, 0, 1
18, 17.632, 8.224, 15.3, 0, 0, 0, 1
18, 15.793, 8.224, 15.3, 0, 0, 0, 1
18, 22.153, 1.864, 15.3, 0, 0, 0, 1
18, 20.315, 1.864, 15.3, 0, 0, 0, 1
18, 13.955, 8.224, 15.3, 0, 0, 0, 1
18, 12.116, 8.224, 15.3, 0, 0, 0, 1
18, 18.476, 1.864, 15.3, 0, 0, 0, 1
18, 16.638, 1.864, 15.3, 0, 0, 0, 1
18, 10.278, 8.224, 15.3, 0, 0, 0, 1
18, 8.439, 8.224, 15.3, 0, 0, 0, 1
18, 14.799, 1.864, 15.3, 0, 0, 0, 1
18, 12.961, 1.864, 15.3, 0, 0, 0, 1
18, 6.601, 8.224, 15.3, 0, 0, 0, 1
18, 4.762, 8.224, 15.3, 0, 0, 0, 1
18, 11.122, 1.864, 15.3, 0, 0, 0, 1
18, 9.284, 1.864, 15.3, 0, 0, 0, 1
18, 2.924, 8.224, 15.3, 0, 0, 0, 1
18, 1.824, 8.224, 15.3, 0, 0, 0, 1
18, 1.824, 7.486, 15.3, 0, 0, 0, 1
18, 7.446, 1.864, 15.3, 0, 0, 0, 1
18, 5.607, 1.864, 15.3, 0, 0, 0, 1
18, 1.824, 5.647, 15.3, 0, 0, 0, 1
18, 1.824, 3.809, 15.3, 0, 0, 0, 1
18, 3.769, 1.864, 15.3, 0, 0, 0, 1
18, 1.93, 1.864, 15.3, 0, 0, 0, 1
18, 1.824, 1.97, 15.3, 0, 0, 0, 1
