##No.  X  Y  Z  Yaw  Pitch  Roll  Weld_En
35, 5.552, -21.242, 43.31, 0, 0, 0, 1
35, 8.045, -22.019, 42.118, 0, 0, 0, 1
35, 8.682, -22.041, 42.134, 0, 0, 0, 1
35, 16.328, -21.908, 42.138, 0, 0, 0, 1
35, 23.915, -19.219, 42.187, 0, 0, 0, 1
35, 24.127, -19.087, 42.238, 0, 0, 0, 1
35, 24.396, -18.849, 42.24, 0, 0, 0, 1
35, 30.065, -14.26, 42.242, 0, 0, 0, 1
35, 30.392, -13.835, 42.288, 0, 0, 0, 1
35, 30.706, -13.232, 42.292, 0, 0, 0, 1
35, 34.098, -7.582, 42.296, 0, 0, 0, 1
35, 34.292, -6.932, 42.338, 0, 0, 0, 1
35, 34.368, -6.116, 42.342, 0, 0, 0, 1
35, 35.486, -0.045, 42.348, 0, 0, 0, 1
35, 35.412, 0.765, 42.387, 0, 0, 0, 1
35, 34.301, 6.76, 42.392, 0, 0, 0, 1
35, 34.093, 7.455, 42.431, 0, 0, 0, 1
35, 33.75, 8.119, 42.435, 0, 0, 0, 1
35, 30.406, 13.673, 42.44, 0, 0, 0, 1
35, 30.058, 14.125, 42.481, 0, 0, 0, 1
35, 29.667, 14.475, 42.485, 0, 0, 0, 1
35, 24.145, 18.932, 42.488, 0, 0, 0, 1
35, 23.911, 19.078, 42.534, 0, 0, 0, 1
35, 23.666, 19.175, 42.535, 0, 0, 0, 1
35, 16.339, 21.762, 42.537, 0, 0, 0, 1
35, 8.692, 21.899, 42.586, 0, 0, 0, 1
35, 8.056, 21.877, 42.635, 0, 0, 0, 1
35, 6.015, 21.246, 42.639, 0, 0, 0, 1
35, 1.4, 19.756, 42.653, 0, 0, 0, 1
35, -1.189, 19.741, 42.684, 0, 0, 0, 1
35, -5.806, 21.247, 42.7, 0, 0, 0, 1
35, -7.845, 21.877, 42.731, 0, 0, 0, 1
35, -8.481, 21.9, 42.744, 0, 0, 0, 1
35, -16.127, 21.762, 42.748, 0, 0, 0, 1
35, -23.71, 19.069, 42.797, 0, 0, 0, 1
35, -23.924, 18.935, 42.848, 0, 0, 0, 1
35, -24.196, 18.694, 42.85, 0, 0, 0, 1
35, -29.862, 14.108, 42.852, 0, 0, 0, 1
35, -30.185, 13.688, 42.899, 0, 0, 0, 1
35, -30.499, 13.08, 42.902, 0, 0, 0, 1
35, -33.888, 7.418, 42.906, 0, 0, 0, 1
35, -34.083, 6.756, 42.948, 0, 0, 0, 1
35, -34.156, 5.962, 42.953, 0, 0, 0, 1
35, -35.273, -0.1, 42.958, 0, 0, 0, 1
35, -35.202, -0.885, 42.997, 0, 0, 0, 1
35, -34.09, -6.876, 43.002, 0, 0, 0, 1
35, -33.882, -7.583, 43.041, 0, 0, 0, 1
35, -33.54, -8.253, 43.045, 0, 0, 0, 1
35, -30.194, -13.82, 43.05, 0, 0, 0, 1
35, -29.85, -14.268, 43.091, 0, 0, 0, 1
35, -29.456, -14.621, 43.095, 0, 0, 0, 1
35, -23.93, -19.075, 43.098, 0, 0, 0, 1
35, -23.693, -19.223, 43.144, 0, 0, 0, 1
35, -23.449, -19.321, 43.145, 0, 0, 0, 1
35, -16.104, -21.91, 43.147, 0, 0, 0, 1
35, -8.47, -22.042, 43.197, 0, 0, 0, 1
35, -7.834, -22.019, 43.245, 0, 0, 0, 1
35, -5.342, -21.243, 43.249, 0, 0, 0, 1
35, -1.191, -19.889, 43.266, 0, 0, 0, 1
35, 0.292, -19.888, 43.294, 0, 0, 0, 1
35, 1.402, -19.9, 43.303, 0, 0, 0, 1
36, 2.6, -20.686, 44.53, 0, 0, 0, 1
36, 7.452, -22.196, 43.318, 0, 0, 0, 1
36, 8.759, -22.243, 43.351, 0, 0, 0, 1
36, 15.807, -22.119, 43.359, 0, 0, 0, 1
36, 16.344, -21.943, 43.404, 0, 0, 0, 1
36, 23.51, -19.313, 43.408, 0, 0, 0, 1
36, 29.702, -14.305, 43.457, 0, 0, 0, 1
36, 29.825, -14.145, 43.508, 0, 0, 0, 1
36, 29.971, -13.864, 43.509, 0, 0, 0, 1
36, 33.725, -7.61, 43.511, 0, 0, 0, 1
36, 33.827, -7.267, 43.558, 0, 0, 0, 1
36, 33.872, -6.786, 43.56, 0, 0, 0, 1
36, 35.114, -0.045, 43.563, 0, 0, 0, 1
36, 35.069, 0.444, 43.607, 0, 0, 0, 1
36, 33.836, 7.095, 43.61, 0, 0, 0, 1
36, 33.72, 7.483, 43.654, 0, 0, 0, 1
36, 33.526, 7.858, 43.656, 0, 0, 0, 1
36, 29.839, 13.983, 43.659, 0, 0, 0, 1
36, 29.696, 14.169, 43.705, 0, 0, 0, 1
36, 29.529, 14.318, 43.706, 0, 0, 0, 1
36, 23.517, 19.165, 43.708, 0, 0, 0, 1
36, 16.353, 21.797, 43.757, 0, 0, 0, 1
36, 15.816, 21.973, 43.806, 0, 0, 0, 1
36, 8.769, 22.101, 43.81, 0, 0, 0, 1
36, 7.461, 22.054, 43.855, 0, 0, 0, 1
36, 3.474, 20.821, 43.863, 0, 0, 0, 1
36, 1.347, 20.135, 43.89, 0, 0, 0, 1
36, -1.136, 20.128, 43.904, 0, 0, 0, 1
36, -3.265, 20.823, 43.92, 0, 0, 0, 1
36, -7.25, 22.054, 43.934, 0, 0, 0, 1
36, -8.557, 22.101, 43.961, 0, 0, 0, 1
36, -15.605, 21.973, 43.969, 0, 0, 0, 1
36, -16.141, 21.797, 44.015, 0, 0, 0, 1
36, -23.305, 19.163, 44.018, 0, 0, 0, 1
36, -29.496, 14.157, 44.067, 0, 0, 0, 1
36, -29.616, 14.0, 44.118, 0, 0, 0, 1
36, -29.762, 13.716, 44.119, 0, 0, 0, 1
36, -33.514, 7.449, 44.121, 0, 0, 0, 1
36, -33.617, 7.1, 44.168, 0, 0, 0, 1
36, -33.66, 6.631, 44.17, 0, 0, 0, 1
36, -34.901, -0.1, 44.173, 0, 0, 0, 1
36, -34.858, -0.572, 44.217, 0, 0, 0, 1
36, -33.624, -7.219, 44.22, 0, 0, 0, 1
36, -33.507, -7.615, 44.264, 0, 0, 0, 1
36, -33.314, -7.994, 44.266, 0, 0, 0, 1
36, -29.625, -14.132, 44.269, 0, 0, 0, 1
36, -29.483, -14.317, 44.315, 0, 0, 0, 1
36, -29.316, -14.466, 44.316, 0, 0, 0, 1
36, -23.299, -19.311, 44.318, 0, 0, 0, 1
36, -16.132, -21.942, 44.367, 0, 0, 0, 1
36, -15.595, -22.118, 44.416, 0, 0, 0, 1
36, -8.547, -22.243, 44.42, 0, 0, 0, 1
36, -7.24, -22.197, 44.465, 0, 0, 0, 1
36, -2.391, -20.687, 44.473, 0, 0, 0, 1
36, -1.136, -20.277, 44.506, 0, 0, 0, 1
36, 1.346, -20.28, 44.514, 0, 0, 0, 1
37, 6.858, -22.374, 45.75, 0, 0, 0, 1
37, 8.837, -22.444, 44.568, 0, 0, 0, 1
37, 15.286, -22.331, 44.58, 0, 0, 0, 1
37, 16.481, -21.938, 44.622, 0, 0, 0, 1
37, 23.079, -19.508, 44.63, 0, 0, 0, 1
37, 23.503, -19.173, 44.675, 0, 0, 0, 1
37, 29.309, -14.378, 44.679, 0, 0, 0, 1
37, 33.352, -7.638, 44.727, 0, 0, 0, 1
37, 33.363, -7.602, 44.778, 0, 0, 0, 1
37, 33.376, -7.456, 44.778, 0, 0, 0, 1
37, 34.741, -0.045, 44.779, 0, 0, 0, 1
37, 34.726, 0.122, 44.828, 0, 0, 0, 1
37, 33.371, 7.43, 44.829, 0, 0, 0, 1
37, 33.347, 7.51, 44.876, 0, 0, 0, 1
37, 33.302, 7.598, 44.877, 0, 0, 0, 1
37, 29.313, 14.23, 44.878, 0, 0, 0, 1
37, 23.509, 19.025, 44.928, 0, 0, 0, 1
37, 23.085, 19.361, 44.976, 0, 0, 0, 1
37, 16.489, 21.793, 44.979, 0, 0, 0, 1
37, 15.294, 22.185, 45.025, 0, 0, 0, 1
37, 8.846, 22.302, 45.033, 0, 0, 0, 1
37, 6.866, 22.231, 45.074, 0, 0, 0, 1
37, 1.29, 20.508, 45.087, 0, 0, 0, 1
37, -1.078, 20.509, 45.125, 0, 0, 0, 1
37, -6.655, 22.232, 45.14, 0, 0, 0, 1
37, -8.634, 22.303, 45.178, 0, 0, 0, 1
37, -15.082, 22.185, 45.19, 0, 0, 0, 1
37, -16.277, 21.793, 45.232, 0, 0, 0, 1
37, -22.872, 19.359, 45.24, 0, 0, 0, 1
37, -23.296, 19.023, 45.285, 0, 0, 0, 1
37, -29.1, 14.234, 45.289, 0, 0, 0, 1
37, -33.14, 7.48, 45.337, 0, 0, 0, 1
37, -33.151, 7.443, 45.388, 0, 0, 0, 1
37, -33.164, 7.3, 45.388, 0, 0, 0, 1
37, -34.528, -0.1, 45.389, 0, 0, 0, 1
37, -34.514, -0.259, 45.438, 0, 0, 0, 1
37, -33.158, -7.562, 45.439, 0, 0, 0, 1
37, -33.133, -7.646, 45.486, 0, 0, 0, 1
37, -33.088, -7.734, 45.487, 0, 0, 0, 1
37, -29.097, -14.381, 45.488, 0, 0, 0, 1
37, -23.29, -19.171, 45.538, 0, 0, 0, 1
37, -22.866, -19.506, 45.586, 0, 0, 0, 1
37, -16.269, -21.938, 45.59, 0, 0, 0, 1
37, -15.073, -22.33, 45.635, 0, 0, 0, 1
37, -8.625, -22.445, 45.643, 0, 0, 0, 1
37, -6.646, -22.374, 45.684, 0, 0, 0, 1
37, -1.08, -20.642, 45.697, 0, 0, 0, 1
37, 1.292, -20.641, 45.735, 0, 0, 0, 1
38, 6.265, -22.552, 46.97, 0, 0, 0, 1
38, 8.915, -22.646, 45.784, 0, 0, 0, 1
38, 14.764, -22.543, 45.801, 0, 0, 0, 1
38, 16.619, -21.934, 45.839, 0, 0, 0, 1
38, 22.636, -19.718, 45.852, 0, 0, 0, 1
38, 23.623, -18.936, 45.893, 0, 0, 0, 1
38, 28.939, -14.547, 45.901, 0, 0, 0, 1
38, 32.987, -7.727, 45.946, 0, 0, 0, 1
38, 34.372, -0.072, 45.997, 0, 0, 0, 1
38, 32.988, 7.581, 46.048, 0, 0, 0, 1
38, 29.284, 13.836, 46.098, 0, 0, 0, 1
38, 28.944, 14.398, 46.145, 0, 0, 0, 1
38, 23.628, 18.79, 46.149, 0, 0, 0, 1
38, 22.642, 19.571, 46.194, 0, 0, 0, 1
38, 16.626, 21.789, 46.202, 0, 0, 0, 1
38, 14.771, 22.398, 46.244, 0, 0, 0, 1
38, 8.922, 22.503, 46.256, 0, 0, 0, 1
38, 6.271, 22.409, 46.294, 0, 0, 0, 1
38, 1.24, 20.854, 46.311, 0, 0, 0, 1
38, -1.028, 20.855, 46.345, 0, 0, 0, 1
38, -6.059, 22.409, 46.36, 0, 0, 0, 1
38, -8.71, 22.504, 46.394, 0, 0, 0, 1
38, -14.559, 22.397, 46.411, 0, 0, 0, 1
38, -16.414, 21.789, 46.449, 0, 0, 0, 1
38, -22.429, 19.569, 46.462, 0, 0, 0, 1
38, -23.416, 18.788, 46.503, 0, 0, 0, 1
38, -28.729, 14.403, 46.511, 0, 0, 0, 1
38, -32.775, 7.571, 46.556, 0, 0, 0, 1
38, -34.159, -0.072, 46.607, 0, 0, 0, 1
38, -32.819, -7.475, 46.658, 0, 0, 0, 1
38, -32.775, -7.716, 46.706, 0, 0, 0, 1
38, -28.726, -14.55, 46.708, 0, 0, 0, 1
38, -23.41, -18.935, 46.759, 0, 0, 0, 1
38, -22.424, -19.716, 46.804, 0, 0, 0, 1
38, -16.407, -21.934, 46.812, 0, 0, 0, 1
38, -14.552, -22.543, 46.854, 0, 0, 0, 1
38, -8.702, -22.646, 46.866, 0, 0, 0, 1
38, -6.053, -22.552, 46.904, 0, 0, 0, 1
38, -1.03, -20.989, 46.921, 0, 0, 0, 1
38, 1.241, -20.988, 46.955, 0, 0, 0, 1
39, 5.671, -22.729, 48.19, 0, 0, 0, 1
39, 8.992, -22.848, 47.0, 0, 0, 0, 1
39, 14.243, -22.755, 47.022, 0, 0, 0, 1
39, 16.757, -21.93, 47.056, 0, 0, 0, 1
39, 22.194, -19.927, 47.073, 0, 0, 0, 1
39, 23.744, -18.7, 47.111, 0, 0, 0, 1
39, 28.572, -14.713, 47.124, 0, 0, 0, 1
39, 29.296, -13.517, 47.165, 0, 0, 0, 1
39, 32.67, -7.821, 47.174, 0, 0, 0, 1
39, 33.932, -0.855, 47.217, 0, 0, 0, 1
39, 34.057, -0.078, 47.263, 0, 0, 0, 1
39, 32.971, 5.898, 47.268, 0, 0, 0, 1
39, 32.852, 6.697, 47.307, 0, 0, 0, 1
39, 32.672, 7.674, 47.313, 0, 0, 0, 1
39, 29.298, 13.371, 47.319, 0, 0, 0, 1
39, 28.575, 14.566, 47.362, 0, 0, 0, 1
39, 23.748, 18.554, 47.371, 0, 0, 0, 1
39, 22.199, 19.781, 47.412, 0, 0, 0, 1
39, 16.763, 21.785, 47.425, 0, 0, 0, 1
39, 14.249, 22.61, 47.462, 0, 0, 0, 1
39, 8.999, 22.705, 47.48, 0, 0, 0, 1
39, 5.677, 22.586, 47.514, 0, 0, 0, 1
39, 1.19, 21.201, 47.535, 0, 0, 0, 1
39, -0.977, 21.201, 47.566, 0, 0, 0, 1
39, -5.464, 22.586, 47.58, 0, 0, 0, 1
39, -8.786, 22.705, 47.611, 0, 0, 0, 1
39, -14.036, 22.61, 47.632, 0, 0, 0, 1
39, -16.551, 21.785, 47.666, 0, 0, 0, 1
39, -21.986, 19.779, 47.683, 0, 0, 0, 1
39, -23.536, 18.553, 47.721, 0, 0, 0, 1
39, -28.362, 14.569, 47.734, 0, 0, 0, 1
39, -29.085, 13.374, 47.775, 0, 0, 0, 1
39, -32.458, 7.665, 47.784, 0, 0, 0, 1
39, -33.719, 0.711, 47.827, 0, 0, 0, 1
39, -33.844, -0.066, 47.873, 0, 0, 0, 1
39, -32.758, -6.035, 47.878, 0, 0, 0, 1
39, -32.638, -6.834, 47.917, 0, 0, 0, 1
39, -32.458, -7.811, 47.923, 0, 0, 0, 1
39, -29.082, -13.52, 47.929, 0, 0, 0, 1
39, -28.359, -14.716, 47.972, 0, 0, 0, 1
39, -23.531, -18.699, 47.981, 0, 0, 0, 1
39, -21.981, -19.926, 48.022, 0, 0, 0, 1
39, -16.545, -21.93, 48.035, 0, 0, 0, 1
39, -14.03, -22.755, 48.072, 0, 0, 0, 1
39, -8.78, -22.848, 48.09, 0, 0, 0, 1
39, -5.459, -22.729, 48.124, 0, 0, 0, 1
39, -0.979, -21.336, 48.145, 0, 0, 0, 1
39, 1.191, -21.336, 48.176, 0, 0, 0, 1
40, 5.078, -22.907, 49.41, 0, 0, 0, 1
40, 9.07, -23.049, 48.217, 0, 0, 0, 1
40, 13.721, -22.967, 48.243, 0, 0, 0, 1
40, 16.895, -21.926, 48.273, 0, 0, 0, 1
40, 21.752, -20.137, 48.295, 0, 0, 0, 1
40, 23.864, -18.465, 48.329, 0, 0, 0, 1
40, 28.203, -14.881, 48.347, 0, 0, 0, 1
40, 29.31, -13.052, 48.383, 0, 0, 0, 1
40, 32.354, -7.914, 48.397, 0, 0, 0, 1
40, 33.492, -1.632, 48.436, 0, 0, 0, 1
40, 33.742, -0.078, 48.478, 0, 0, 0, 1
40, 32.874, 4.7, 48.488, 0, 0, 0, 1
40, 32.672, 6.045, 48.52, 0, 0, 0, 1
40, 32.355, 7.768, 48.529, 0, 0, 0, 1
40, 29.312, 12.905, 48.54, 0, 0, 0, 1
40, 28.205, 14.735, 48.579, 0, 0, 0, 1
40, 23.868, 18.319, 48.593, 0, 0, 0, 1
40, 21.756, 19.99, 48.63, 0, 0, 0, 1
40, 16.9, 21.781, 48.648, 0, 0, 0, 1
40, 13.726, 22.822, 48.681, 0, 0, 0, 1
40, 9.076, 22.906, 48.703, 0, 0, 0, 1
40, 5.082, 22.763, 48.733, 0, 0, 0, 1
40, 1.14, 21.547, 48.76, 0, 0, 0, 1
40, -0.927, 21.548, 48.787, 0, 0, 0, 1
40, -4.869, 22.763, 48.8, 0, 0, 0, 1
40, -8.863, 22.907, 48.827, 0, 0, 0, 1
40, -13.514, 22.822, 48.853, 0, 0, 0, 1
40, -16.688, 21.781, 48.883, 0, 0, 0, 1
40, -21.543, 19.989, 48.905, 0, 0, 0, 1
40, -23.655, 18.317, 48.939, 0, 0, 0, 1
40, -27.993, 14.738, 48.957, 0, 0, 0, 1
40, -29.099, 12.907, 48.993, 0, 0, 0, 1
40, -32.141, 7.76, 49.007, 0, 0, 0, 1
40, -33.278, 1.487, 49.046, 0, 0, 0, 1
40, -33.529, -0.066, 49.088, 0, 0, 0, 1
40, -32.66, -4.838, 49.098, 0, 0, 0, 1
40, -32.459, -6.182, 49.13, 0, 0, 0, 1
40, -32.141, -7.905, 49.139, 0, 0, 0, 1
40, -29.097, -13.054, 49.15, 0, 0, 0, 1
40, -27.99, -14.884, 49.189, 0, 0, 0, 1
40, -23.651, -18.464, 49.203, 0, 0, 0, 1
40, -21.539, -20.135, 49.24, 0, 0, 0, 1
40, -16.682, -21.926, 49.258, 0, 0, 0, 1
40, -13.508, -22.967, 49.291, 0, 0, 0, 1
40, -8.857, -23.049, 49.313, 0, 0, 0, 1
40, -4.865, -22.907, 49.343, 0, 0, 0, 1
40, -0.928, -21.684, 49.37, 0, 0, 0, 1
40, 1.141, -21.683, 49.396, 0, 0, 0, 1
41, 4.484, -23.084, 50.63, 0, 0, 0, 1
41, 9.148, -23.251, 49.433, 0, 0, 0, 1
41, 13.2, -23.179, 49.464, 0, 0, 0, 1
41, 17.033, -21.922, 49.49, 0, 0, 0, 1
41, 21.31, -20.346, 49.517, 0, 0, 0, 1
41, 23.984, -18.229, 49.547, 0, 0, 0, 1
41, 27.834, -15.049, 49.569, 0, 0, 0, 1
41, 29.324, -12.586, 49.602, 0, 0, 0, 1
41, 32.037, -8.008, 49.621, 0, 0, 0, 1
41, 33.051, -2.408, 49.656, 0, 0, 0, 1
41, 33.426, -0.078, 49.693, 0, 0, 0, 1
41, 32.776, 3.502, 49.709, 0, 0, 0, 1
41, 32.493, 5.393, 49.732, 0, 0, 0, 1
41, 32.038, 7.862, 49.745, 0, 0, 0, 1
41, 29.327, 12.44, 49.761, 0, 0, 0, 1
41, 27.836, 14.903, 49.796, 0, 0, 0, 1
41, 23.988, 18.083, 49.815, 0, 0, 0, 1
41, 21.313, 20.2, 49.848, 0, 0, 0, 1
41, 17.037, 21.777, 49.87, 0, 0, 0, 1
41, 13.204, 23.034, 49.9, 0, 0, 0, 1
41, 9.152, 23.108, 49.927, 0, 0, 0, 1
41, 4.487, 22.94, 49.953, 0, 0, 0, 1
41, 1.089, 21.894, 49.984, 0, 0, 0, 1
41, -0.876, 21.894, 50.007, 0, 0, 0, 1
41, -4.274, 22.941, 50.02, 0, 0, 0, 1
41, -8.939, 23.108, 50.043, 0, 0, 0, 1
41, -12.991, 23.034, 50.074, 0, 0, 0, 1
41, -16.824, 21.777, 50.101, 0, 0, 0, 1
41, -21.1, 20.199, 50.127, 0, 0, 0, 1
41, -23.775, 18.082, 50.157, 0, 0, 0, 1
41, -27.623, 14.906, 50.179, 0, 0, 0, 1
41, -29.113, 12.442, 50.212, 0, 0, 0, 1
41, -31.824, 7.854, 50.231, 0, 0, 0, 1
41, -32.838, 2.264, 50.266, 0, 0, 0, 1
41, -33.213, -0.066, 50.303, 0, 0, 0, 1
41, -32.562, -3.642, 50.319, 0, 0, 0, 1
41, -32.279, -5.531, 50.342, 0, 0, 0, 1
41, -31.824, -7.999, 50.355, 0, 0, 0, 1
41, -29.111, -12.588, 50.371, 0, 0, 0, 1
41, -27.621, -15.052, 50.406, 0, 0, 0, 1
41, -23.771, -18.228, 50.425, 0, 0, 0, 1
41, -21.096, -20.345, 50.458, 0, 0, 0, 1
41, -16.82, -21.921, 50.48, 0, 0, 0, 1
41, -12.986, -23.179, 50.51, 0, 0, 0, 1
41, -8.934, -23.251, 50.537, 0, 0, 0, 1
41, -4.271, -23.085, 50.563, 0, 0, 0, 1
41, -0.878, -22.031, 50.594, 0, 0, 0, 1
41, 1.091, -22.031, 50.617, 0, 0, 0, 1
42, 3.891, -23.262, 51.85, 0, 0, 0, 1
42, 9.225, -23.452, 50.65, 0, 0, 0, 1
42, 12.678, -23.391, 50.685, 0, 0, 0, 1
42, 17.171, -21.917, 50.708, 0, 0, 0, 1
42, 20.867, -20.555, 50.739, 0, 0, 0, 1
42, 24.105, -17.993, 50.765, 0, 0, 0, 1
42, 27.465, -15.217, 50.792, 0, 0, 0, 1
42, 29.338, -12.121, 50.821, 0, 0, 0, 1
42, 31.72, -8.101, 50.844, 0, 0, 0, 1
42, 32.61, -3.184, 50.875, 0, 0, 0, 1
42, 33.111, -0.078, 50.908, 0, 0, 0, 1
42, 32.678, 2.304, 50.929, 0, 0, 0, 1
42, 32.314, 4.742, 50.945, 0, 0, 0, 1
42, 31.721, 7.955, 50.961, 0, 0, 0, 1
42, 29.34, 11.975, 50.983, 0, 0, 0, 1
42, 27.467, 15.072, 51.013, 0, 0, 0, 1
42, 24.107, 17.847, 51.037, 0, 0, 0, 1
42, 20.87, 20.41, 51.066, 0, 0, 0, 1
42, 17.174, 21.773, 51.093, 0, 0, 0, 1
42, 12.681, 23.247, 51.119, 0, 0, 0, 1
42, 9.229, 23.309, 51.15, 0, 0, 0, 1
42, 3.892, 23.118, 51.173, 0, 0, 0, 1
42, 1.039, 22.24, 51.208, 0, 0, 0, 1
42, -0.826, 22.24, 51.228, 0, 0, 0, 1
42, -3.678, 23.118, 51.24, 0, 0, 0, 1
42, -9.016, 23.309, 51.26, 0, 0, 0, 1
42, -12.468, 23.246, 51.295, 0, 0, 0, 1
42, -16.961, 21.773, 51.318, 0, 0, 0, 1
42, -20.657, 20.409, 51.349, 0, 0, 0, 1
42, -23.895, 17.847, 51.375, 0, 0, 0, 1
42, -27.254, 15.074, 51.402, 0, 0, 0, 1
42, -29.127, 11.976, 51.431, 0, 0, 0, 1
42, -31.507, 7.949, 51.454, 0, 0, 0, 1
42, -32.397, 3.04, 51.485, 0, 0, 0, 1
42, -32.898, -0.066, 51.518, 0, 0, 0, 1
42, -32.465, -2.445, 51.539, 0, 0, 0, 1
42, -32.1, -4.88, 51.555, 0, 0, 0, 1
42, -31.507, -8.093, 51.571, 0, 0, 0, 1
42, -29.125, -12.123, 51.592, 0, 0, 0, 1
42, -27.252, -15.22, 51.623, 0, 0, 0, 1
42, -23.891, -17.992, 51.647, 0, 0, 0, 1
42, -20.654, -20.555, 51.676, 0, 0, 0, 1
42, -16.958, -21.917, 51.703, 0, 0, 0, 1
42, -12.465, -23.391, 51.729, 0, 0, 0, 1
42, -9.012, -23.452, 51.76, 0, 0, 0, 1
42, -3.677, -23.262, 51.783, 0, 0, 0, 1
42, -0.827, -22.379, 51.818, 0, 0, 0, 1
42, 1.04, -22.378, 51.838, 0, 0, 0, 1
43, 3.297, -23.44, 53.07, 0, 0, 0, 1
43, 9.303, -23.654, 51.866, 0, 0, 0, 1
43, 12.157, -23.603, 51.906, 0, 0, 0, 1
43, 17.308, -21.913, 51.925, 0, 0, 0, 1
43, 20.425, -20.765, 51.96, 0, 0, 0, 1
43, 24.225, -17.757, 51.982, 0, 0, 0, 1
43, 27.096, -15.386, 52.015, 0, 0, 0, 1
43, 29.353, -11.656, 52.039, 0, 0, 0, 1
43, 31.403, -8.195, 52.068, 0, 0, 0, 1
43, 32.17, -3.961, 52.095, 0, 0, 0, 1
43, 32.795, -0.078, 52.123, 0, 0, 0, 1
43, 32.58, 1.106, 52.149, 0, 0, 0, 1
43, 32.134, 4.09, 52.157, 0, 0, 0, 1
43, 31.404, 8.049, 52.177, 0, 0, 0, 1
43, 29.354, 11.51, 52.204, 0, 0, 0, 1
43, 27.098, 15.24, 52.23, 0, 0, 0, 1
43, 24.227, 17.612, 52.259, 0, 0, 0, 1
43, 20.427, 20.62, 52.284, 0, 0, 0, 1
43, 17.311, 21.769, 52.316, 0, 0, 0, 1
43, 12.159, 23.459, 52.338, 0, 0, 0, 1
43, 9.306, 23.51, 52.374, 0, 0, 0, 1
43, 3.297, 23.295, 52.393, 0, 0, 0, 1
43, 0.989, 22.586, 52.432, 0, 0, 0, 1
43, -0.775, 22.587, 52.448, 0, 0, 0, 1
43, -3.083, 23.295, 52.46, 0, 0, 0, 1
43, -9.092, 23.511, 52.476, 0, 0, 0, 1
43, -11.945, 23.459, 52.516, 0, 0, 0, 1
43, -17.098, 21.769, 52.535, 0, 0, 0, 1
43, -20.214, 20.619, 52.571, 0, 0, 0, 1
43, -24.014, 17.611, 52.592, 0, 0, 0, 1
43, -26.884, 15.243, 52.625, 0, 0, 0, 1
43, -29.141, 11.511, 52.649, 0, 0, 0, 1
43, -31.19, 8.043, 52.678, 0, 0, 0, 1
43, -31.956, 3.816, 52.705, 0, 0, 0, 1
43, -32.582, -0.066, 52.733, 0, 0, 0, 1
43, -32.367, -1.248, 52.759, 0, 0, 0, 1
43, -31.921, -4.229, 52.767, 0, 0, 0, 1
43, -31.19, -8.187, 52.787, 0, 0, 0, 1
43, -29.139, -11.657, 52.814, 0, 0, 0, 1
43, -26.883, -15.388, 52.84, 0, 0, 0, 1
43, -24.012, -17.757, 52.869, 0, 0, 0, 1
43, -20.212, -20.764, 52.894, 0, 0, 0, 1
43, -17.095, -21.913, 52.926, 0, 0, 0, 1
43, -11.943, -23.603, 52.948, 0, 0, 0, 1
43, -9.089, -23.654, 52.984, 0, 0, 0, 1
43, -3.083, -23.44, 53.003, 0, 0, 0, 1
43, -0.776, -22.726, 53.042, 0, 0, 0, 1
43, 0.99, -22.726, 53.058, 0, 0, 0, 1
44, 2.703, -23.617, 54.29, 0, 0, 0, 1
44, 9.38, -23.855, 53.082, 0, 0, 0, 1
44, 11.635, -23.815, 53.127, 0, 0, 0, 1
44, 17.446, -21.909, 53.142, 0, 0, 0, 1
44, 19.983, -20.974, 53.182, 0, 0, 0, 1
44, 24.345, -17.521, 53.2, 0, 0, 0, 1
44, 26.728, -15.554, 53.237, 0, 0, 0, 1
44, 29.367, -11.19, 53.258, 0, 0, 0, 1
44, 31.086, -8.288, 53.292, 0, 0, 0, 1
44, 31.729, -4.737, 53.314, 0, 0, 0, 1
44, 32.481, -0.069, 53.338, 0, 0, 0, 1
44, 31.955, 3.437, 53.369, 0, 0, 0, 1
44, 31.087, 8.143, 53.393, 0, 0, 0, 1
44, 29.368, 11.045, 53.425, 0, 0, 0, 1
44, 26.728, 15.409, 53.447, 0, 0, 0, 1
44, 24.347, 17.376, 53.481, 0, 0, 0, 1
44, 19.984, 20.83, 53.502, 0, 0, 0, 1
44, 17.449, 21.765, 53.539, 0, 0, 0, 1
44, 11.636, 23.671, 53.557, 0, 0, 0, 1
44, 9.382, 23.712, 53.597, 0, 0, 0, 1
44, 2.701, 23.472, 53.612, 0, 0, 0, 1
44, 0.938, 22.933, 53.657, 0, 0, 0, 1
44, -0.724, 22.933, 53.669, 0, 0, 0, 1
44, -2.487, 23.473, 53.68, 0, 0, 0, 1
44, -9.168, 23.712, 53.692, 0, 0, 0, 1
44, -11.423, 23.671, 53.737, 0, 0, 0, 1
44, -17.235, 21.765, 53.752, 0, 0, 0, 1
44, -19.771, 20.829, 53.792, 0, 0, 0, 1
44, -24.134, 17.376, 53.81, 0, 0, 0, 1
44, -26.515, 15.411, 53.847, 0, 0, 0, 1
44, -29.155, 11.045, 53.868, 0, 0, 0, 1
44, -30.873, 8.138, 53.902, 0, 0, 0, 1
44, -31.516, 4.592, 53.924, 0, 0, 0, 1
44, -32.268, -0.075, 53.948, 0, 0, 0, 1
44, -31.741, -3.578, 53.979, 0, 0, 0, 1
44, -30.873, -8.281, 54.003, 0, 0, 0, 1
44, -29.153, -11.191, 54.035, 0, 0, 0, 1
44, -26.514, -15.556, 54.057, 0, 0, 0, 1
44, -24.132, -17.521, 54.091, 0, 0, 0, 1
44, -19.769, -20.974, 54.112, 0, 0, 0, 1
44, -17.233, -21.909, 54.149, 0, 0, 0, 1
44, -11.421, -23.815, 54.167, 0, 0, 0, 1
44, -9.167, -23.855, 54.207, 0, 0, 0, 1
44, -2.489, -23.617, 54.222, 0, 0, 0, 1
44, -0.725, -23.073, 54.267, 0, 0, 0, 1
44, 0.939, -23.073, 54.279, 0, 0, 0, 1
45, 2.109, -23.795, 55.51, 0, 0, 0, 1
45, 9.458, -24.057, 54.299, 0, 0, 0, 1
45, 11.114, -24.027, 54.348, 0, 0, 0, 1
45, 17.584, -21.904, 54.359, 0, 0, 0, 1
45, 19.541, -21.184, 54.404, 0, 0, 0, 1
45, 24.466, -17.285, 54.418, 0, 0, 0, 1
45, 26.359, -15.722, 54.46, 0, 0, 0, 1
45, 29.381, -10.725, 54.476, 0, 0, 0, 1
45, 30.769, -8.382, 54.515, 0, 0, 0, 1
45, 31.289, -5.514, 54.533, 0, 0, 0, 1
45, 31.928, -1.546, 54.553, 0, 0, 0, 1
45, 32.201, -0.062, 54.58, 0, 0, 0, 1
45, 31.775, 2.786, 54.59, 0, 0, 0, 1
45, 30.77, 8.237, 54.609, 0, 0, 0, 1
45, 29.382, 10.58, 54.646, 0, 0, 0, 1
45, 26.359, 15.577, 54.664, 0, 0, 0, 1
45, 24.467, 17.141, 54.703, 0, 0, 0, 1
45, 19.541, 21.039, 54.72, 0, 0, 0, 1
45, 17.586, 21.761, 54.762, 0, 0, 0, 1
45, 11.114, 23.883, 54.775, 0, 0, 0, 1
45, 9.459, 23.913, 54.821, 0, 0, 0, 1
45, 2.106, 23.65, 54.832, 0, 0, 0, 1
45, 0.888, 23.279, 54.881, 0, 0, 0, 1
45, -0.673, 23.279, 54.89, 0, 0, 0, 1
45, -1.892, 23.65, 54.9, 0, 0, 0, 1
45, -9.245, 23.913, 54.908, 0, 0, 0, 1
45, -10.9, 23.883, 54.958, 0, 0, 0, 1
45, -17.372, 21.761, 54.969, 0, 0, 0, 1
45, -19.328, 21.039, 55.014, 0, 0, 0, 1
45, -24.254, 17.141, 55.028, 0, 0, 0, 1
45, -26.146, 15.579, 55.07, 0, 0, 0, 1
45, -29.169, 10.58, 55.086, 0, 0, 0, 1
45, -30.556, 8.232, 55.125, 0, 0, 0, 1
45, -31.075, 5.368, 55.144, 0, 0, 0, 1
45, -31.715, 1.402, 55.163, 0, 0, 0, 1
45, -31.988, -0.082, 55.19, 0, 0, 0, 1
45, -31.562, -2.927, 55.2, 0, 0, 0, 1
45, -30.556, -8.376, 55.219, 0, 0, 0, 1
45, -29.167, -10.725, 55.256, 0, 0, 0, 1
45, -26.145, -15.724, 55.274, 0, 0, 0, 1
45, -24.252, -17.285, 55.313, 0, 0, 0, 1
45, -19.327, -21.183, 55.33, 0, 0, 0, 1
45, -17.371, -21.905, 55.372, 0, 0, 0, 1
45, -10.899, -24.027, 55.385, 0, 0, 0, 1
45, -9.244, -24.057, 55.431, 0, 0, 0, 1
45, -1.895, -23.795, 55.442, 0, 0, 0, 1
45, -0.674, -23.421, 55.491, 0, 0, 0, 1
45, 0.889, -23.421, 55.5, 0, 0, 0, 1
46, 1.514, -23.972, 56.73, 0, 0, 0, 1
46, 9.536, -24.258, 55.515, 0, 0, 0, 1
46, 10.592, -24.239, 55.569, 0, 0, 0, 1
46, 17.722, -21.9, 55.576, 0, 0, 0, 1
46, 19.098, -21.393, 55.626, 0, 0, 0, 1
46, 24.586, -17.049, 55.636, 0, 0, 0, 1
46, 25.99, -15.89, 55.683, 0, 0, 0, 1
46, 29.395, -10.26, 55.695, 0, 0, 0, 1
46, 30.452, -8.475, 55.739, 0, 0, 0, 1
46, 30.848, -6.29, 55.753, 0, 0, 0, 1
46, 31.341, -3.232, 55.768, 0, 0, 0, 1
46, 31.924, -0.062, 55.789, 0, 0, 0, 1
46, 31.596, 2.134, 55.81, 0, 0, 0, 1
46, 30.453, 8.33, 55.825, 0, 0, 0, 1
46, 29.396, 10.115, 55.867, 0, 0, 0, 1
46, 25.99, 15.746, 55.881, 0, 0, 0, 1
46, 24.587, 16.905, 55.925, 0, 0, 0, 1
46, 19.098, 21.249, 55.938, 0, 0, 0, 1
46, 17.723, 21.757, 55.984, 0, 0, 0, 1
46, 10.592, 24.096, 55.994, 0, 0, 0, 1
46, 9.536, 24.115, 56.045, 0, 0, 0, 1
46, 1.51, 23.827, 56.052, 0, 0, 0, 1
46, 0.836, 23.626, 56.106, 0, 0, 0, 1
46, -0.621, 23.626, 56.11, 0, 0, 0, 1
46, -1.295, 23.827, 56.12, 0, 0, 0, 1
46, -9.321, 24.115, 56.125, 0, 0, 0, 1
46, -10.377, 24.096, 56.179, 0, 0, 0, 1
46, -17.509, 21.757, 56.186, 0, 0, 0, 1
46, -18.884, 21.249, 56.236, 0, 0, 0, 1
46, -24.373, 16.906, 56.246, 0, 0, 0, 1
46, -25.776, 15.748, 56.293, 0, 0, 0, 1
46, -29.183, 10.114, 56.305, 0, 0, 0, 1
46, -30.239, 8.326, 56.349, 0, 0, 0, 1
46, -30.635, 6.145, 56.363, 0, 0, 0, 1
46, -31.127, 3.087, 56.378, 0, 0, 0, 1
46, -31.711, -0.082, 56.399, 0, 0, 0, 1
46, -31.382, -2.275, 56.42, 0, 0, 0, 1
46, -30.239, -8.47, 56.435, 0, 0, 0, 1
46, -29.182, -10.259, 56.477, 0, 0, 0, 1
46, -25.776, -15.892, 56.491, 0, 0, 0, 1
46, -24.372, -17.05, 56.535, 0, 0, 0, 1
46, -18.884, -21.393, 56.548, 0, 0, 0, 1
46, -17.508, -21.9, 56.594, 0, 0, 0, 1
46, -10.378, -24.239, 56.604, 0, 0, 0, 1
46, -9.321, -24.258, 56.655, 0, 0, 0, 1
46, -1.299, -23.972, 56.662, 0, 0, 0, 1
46, -0.622, -23.768, 56.715, 0, 0, 0, 1
46, 0.837, -23.768, 56.72, 0, 0, 0, 1
47, 0.912, -24.149, 57.95, 0, 0, 0, 1
47, 9.613, -24.46, 56.731, 0, 0, 0, 1
47, 10.071, -24.452, 56.79, 0, 0, 0, 1
47, 17.86, -21.896, 56.793, 0, 0, 0, 1
47, 18.656, -21.603, 56.848, 0, 0, 0, 1
47, 24.706, -16.813, 56.854, 0, 0, 0, 1
47, 25.621, -16.058, 56.905, 0, 0, 0, 1
47, 29.409, -9.794, 56.913, 0, 0, 0, 1
47, 30.135, -8.569, 56.963, 0, 0, 0, 1
47, 30.408, -7.067, 56.972, 0, 0, 0, 1
47, 30.754, -4.917, 56.983, 0, 0, 0, 1
47, 31.647, -0.062, 56.997, 0, 0, 0, 1
47, 31.416, 1.482, 57.031, 0, 0, 0, 1
47, 30.136, 8.424, 57.041, 0, 0, 0, 1
47, 29.41, 9.65, 57.089, 0, 0, 0, 1
47, 25.621, 15.914, 57.098, 0, 0, 0, 1
47, 24.706, 16.669, 57.147, 0, 0, 0, 1
47, 18.656, 21.459, 57.155, 0, 0, 0, 1
47, 17.86, 21.753, 57.207, 0, 0, 0, 1
47, 10.069, 24.308, 57.213, 0, 0, 0, 1
47, 9.612, 24.316, 57.268, 0, 0, 0, 1
47, 0.907, 24.004, 57.271, 0, 0, 0, 1
47, 0.779, 23.969, 57.33, 0, 0, 0, 1
47, -0.563, 23.969, 57.331, 0, 0, 0, 1
47, -0.692, 24.004, 57.34, 0, 0, 0, 1
47, -9.397, 24.316, 57.341, 0, 0, 0, 1
47, -9.854, 24.308, 57.4, 0, 0, 0, 1
47, -17.645, 21.753, 57.403, 0, 0, 0, 1
47, -18.441, 21.459, 57.458, 0, 0, 0, 1
47, -24.493, 16.67, 57.464, 0, 0, 0, 1
47, -25.407, 15.916, 57.515, 0, 0, 0, 1
47, -29.196, 9.649, 57.523, 0, 0, 0, 1
47, -29.922, 8.421, 57.573, 0, 0, 0, 1
47, -30.194, 6.921, 57.582, 0, 0, 0, 1
47, -30.54, 4.772, 57.593, 0, 0, 0, 1
47, -31.434, -0.082, 57.607, 0, 0, 0, 1
47, -31.203, -1.624, 57.641, 0, 0, 0, 1
47, -29.923, -8.564, 57.651, 0, 0, 0, 1
47, -29.196, -9.793, 57.699, 0, 0, 0, 1
47, -25.407, -16.06, 57.708, 0, 0, 0, 1
47, -24.493, -16.814, 57.757, 0, 0, 0, 1
47, -18.442, -21.603, 57.765, 0, 0, 0, 1
47, -17.646, -21.896, 57.817, 0, 0, 0, 1
47, -9.856, -24.452, 57.823, 0, 0, 0, 1
47, -9.399, -24.46, 57.878, 0, 0, 0, 1
47, -0.697, -24.149, 57.881, 0, 0, 0, 1
47, -0.564, -24.113, 57.94, 0, 0, 0, 1
47, 0.779, -24.113, 57.941, 0, 0, 0, 1
48, 9.581, -24.66, 59.17, 0, 0, 0, 1
48, 17.998, -21.892, 58.01, 0, 0, 0, 1
48, 18.214, -21.812, 58.07, 0, 0, 0, 1
48, 24.827, -16.577, 58.072, 0, 0, 0, 1
48, 25.252, -16.226, 58.129, 0, 0, 0, 1
48, 29.819, -8.66, 58.133, 0, 0, 0, 1
48, 29.967, -7.843, 58.192, 0, 0, 0, 1
48, 30.167, -6.603, 58.198, 0, 0, 0, 1
48, 31.37, -0.062, 58.206, 0, 0, 0, 1
48, 31.237, 0.83, 58.251, 0, 0, 0, 1
48, 29.819, 8.515, 58.257, 0, 0, 0, 1
48, 25.251, 16.083, 58.31, 0, 0, 0, 1
48, 24.826, 16.434, 58.37, 0, 0, 0, 1
48, 18.213, 21.669, 58.374, 0, 0, 0, 1
48, 17.997, 21.748, 58.431, 0, 0, 0, 1
48, 9.546, 24.521, 58.432, 0, 0, 0, 1
48, 0.661, 24.289, 58.492, 0, 0, 0, 1
48, -0.446, 24.289, 58.553, 0, 0, 0, 1
48, -9.332, 24.521, 58.56, 0, 0, 0, 1
48, -17.782, 21.749, 58.62, 0, 0, 0, 1
48, -17.998, 21.669, 58.68, 0, 0, 0, 1
48, -24.613, 16.435, 58.682, 0, 0, 0, 1
48, -25.037, 16.084, 58.739, 0, 0, 0, 1
48, -29.606, 8.512, 58.743, 0, 0, 0, 1
48, -29.753, 7.697, 58.802, 0, 0, 0, 1
48, -29.953, 6.457, 58.808, 0, 0, 0, 1
48, -31.157, -0.082, 58.816, 0, 0, 0, 1
48, -31.024, -0.973, 58.861, 0, 0, 0, 1
48, -29.606, -8.655, 58.867, 0, 0, 0, 1
48, -25.038, -16.228, 58.92, 0, 0, 0, 1
48, -24.613, -16.578, 58.98, 0, 0, 0, 1
48, -18.0, -21.812, 58.984, 0, 0, 0, 1
48, -17.783, -21.892, 59.041, 0, 0, 0, 1
48, -9.334, -24.665, 59.042, 0, 0, 0, 1
48, -0.446, -24.433, 59.102, 0, 0, 0, 1
48, 0.66, -24.433, 59.163, 0, 0, 0, 1
49, 8.866, -24.962, 60.39, 0, 0, 0, 1
49, 9.342, -24.903, 59.226, 0, 0, 0, 1
49, 17.656, -22.104, 59.229, 0, 0, 0, 1
49, 17.803, -22.047, 59.289, 0, 0, 0, 1
49, 24.885, -16.39, 59.29, 0, 0, 0, 1
49, 29.502, -8.753, 59.351, 0, 0, 0, 1
49, 31.093, -0.062, 59.412, 0, 0, 0, 1
49, 31.057, 0.178, 59.472, 0, 0, 0, 1
49, 29.502, 8.612, 59.473, 0, 0, 0, 1
49, 29.438, 8.72, 59.531, 0, 0, 0, 1
49, 24.884, 16.247, 59.532, 0, 0, 0, 1
49, 17.959, 21.798, 59.592, 0, 0, 0, 1
49, 17.818, 21.897, 59.652, 0, 0, 0, 1
49, 17.654, 21.961, 59.653, 0, 0, 0, 1
49, 9.34, 24.759, 59.654, 0, 0, 0, 1
49, 8.864, 24.818, 59.714, 0, 0, 0, 1
49, 0.615, 24.608, 59.717, 0, 0, 0, 1
49, -0.401, 24.608, 59.773, 0, 0, 0, 1
49, -8.649, 24.818, 59.78, 0, 0, 0, 1
49, -9.125, 24.759, 59.836, 0, 0, 0, 1
49, -17.44, 21.961, 59.839, 0, 0, 0, 1
49, -17.588, 21.904, 59.899, 0, 0, 0, 1
49, -24.671, 16.248, 59.9, 0, 0, 0, 1
49, -29.289, 8.606, 59.961, 0, 0, 0, 1
49, -30.88, -0.082, 60.022, 0, 0, 0, 1
49, -30.844, -0.322, 60.082, 0, 0, 0, 1
49, -29.289, -8.749, 60.083, 0, 0, 0, 1
49, -24.671, -16.392, 60.141, 0, 0, 0, 1
49, -17.746, -21.942, 60.202, 0, 0, 0, 1
49, -17.606, -22.041, 60.262, 0, 0, 0, 1
49, -17.442, -22.104, 60.263, 0, 0, 0, 1
49, -9.128, -24.903, 60.264, 0, 0, 0, 1
49, -8.652, -24.962, 60.324, 0, 0, 0, 1
49, -0.401, -24.752, 60.327, 0, 0, 0, 1
49, 0.615, -24.752, 60.383, 0, 0, 0, 1
50, 8.124, -25.258, 61.61, 0, 0, 0, 1
50, 9.149, -25.131, 60.441, 0, 0, 0, 1
50, 16.755, -22.57, 60.448, 0, 0, 0, 1
50, 17.442, -22.304, 60.503, 0, 0, 0, 1
50, 24.033, -17.036, 60.508, 0, 0, 0, 1
50, 24.456, -16.736, 60.565, 0, 0, 0, 1
50, 24.792, -16.332, 60.569, 0, 0, 0, 1
50, 29.136, -9.077, 60.572, 0, 0, 0, 1
50, 29.272, -8.77, 60.63, 0, 0, 0, 1
50, 30.815, -0.302, 60.632, 0, 0, 0, 1
50, 30.845, -0.085, 60.69, 0, 0, 0, 1
50, 29.318, 8.269, 60.692, 0, 0, 0, 1
50, 29.266, 8.639, 60.749, 0, 0, 0, 1
50, 29.136, 8.934, 60.752, 0, 0, 0, 1
50, 24.791, 16.189, 60.754, 0, 0, 0, 1
50, 24.444, 16.607, 60.812, 0, 0, 0, 1
50, 18.07, 21.72, 60.815, 0, 0, 0, 1
50, 17.458, 22.154, 60.871, 0, 0, 0, 1
50, 16.754, 22.427, 60.876, 0, 0, 0, 1
50, 9.147, 24.988, 60.881, 0, 0, 0, 1
50, 8.122, 25.114, 60.935, 0, 0, 0, 1
50, 0.569, 24.926, 60.942, 0, 0, 0, 1
50, -0.355, 24.926, 60.994, 0, 0, 0, 1
50, -7.908, 25.115, 61.0, 0, 0, 0, 1
50, -8.932, 24.988, 61.051, 0, 0, 0, 1
50, -16.539, 22.427, 61.058, 0, 0, 0, 1
50, -17.227, 22.161, 61.113, 0, 0, 0, 1
50, -23.819, 16.894, 61.118, 0, 0, 0, 1
50, -24.241, 16.595, 61.175, 0, 0, 0, 1
50, -24.577, 16.19, 61.179, 0, 0, 0, 1
50, -28.922, 8.931, 61.182, 0, 0, 0, 1
50, -29.058, 8.624, 61.24, 0, 0, 0, 1
50, -30.602, 0.158, 61.242, 0, 0, 0, 1
50, -30.632, -0.059, 61.3, 0, 0, 0, 1
50, -29.105, -8.41, 61.302, 0, 0, 0, 1
50, -29.053, -8.779, 61.359, 0, 0, 0, 1
50, -28.923, -9.075, 61.362, 0, 0, 0, 1
50, -24.578, -16.333, 61.364, 0, 0, 0, 1
50, -24.23, -16.752, 61.422, 0, 0, 0, 1
50, -17.857, -21.864, 61.425, 0, 0, 0, 1
50, -17.245, -22.298, 61.481, 0, 0, 0, 1
50, -16.541, -22.571, 61.486, 0, 0, 0, 1
50, -8.934, -25.131, 61.491, 0, 0, 0, 1
50, -7.91, -25.258, 61.545, 0, 0, 0, 1
50, -0.355, -25.07, 61.552, 0, 0, 0, 1
50, 0.569, -25.07, 61.604, 0, 0, 0, 1
51, 7.382, -25.554, 62.83, 0, 0, 0, 1
51, 8.955, -25.359, 61.657, 0, 0, 0, 1
51, 15.854, -23.037, 61.667, 0, 0, 0, 1
51, 17.082, -22.561, 61.717, 0, 0, 0, 1
51, 23.06, -17.783, 61.726, 0, 0, 0, 1
51, 23.975, -17.134, 61.778, 0, 0, 0, 1
51, 24.744, -16.208, 61.785, 0, 0, 0, 1
51, 28.684, -9.629, 61.794, 0, 0, 0, 1
51, 29.101, -8.684, 61.846, 0, 0, 0, 1
51, 30.501, -1.003, 61.853, 0, 0, 0, 1
51, 30.629, -0.085, 61.906, 0, 0, 0, 1
51, 29.244, 7.492, 61.912, 0, 0, 0, 1
51, 29.096, 8.552, 61.964, 0, 0, 0, 1
51, 28.684, 9.485, 61.972, 0, 0, 0, 1
51, 24.744, 16.065, 61.979, 0, 0, 0, 1
51, 23.963, 17.005, 62.031, 0, 0, 0, 1
51, 18.182, 21.643, 62.039, 0, 0, 0, 1
51, 17.097, 22.411, 62.089, 0, 0, 0, 1
51, 15.853, 22.893, 62.098, 0, 0, 0, 1
51, 8.953, 25.216, 62.107, 0, 0, 0, 1
51, 7.381, 25.41, 62.157, 0, 0, 0, 1
51, 0.524, 25.245, 62.168, 0, 0, 0, 1
51, -0.31, 25.245, 62.214, 0, 0, 0, 1
51, -7.167, 25.411, 62.22, 0, 0, 0, 1
51, -8.739, 25.216, 62.267, 0, 0, 0, 1
51, -15.639, 22.894, 62.277, 0, 0, 0, 1
51, -16.866, 22.418, 62.327, 0, 0, 0, 1
51, -22.845, 17.641, 62.336, 0, 0, 0, 1
51, -23.76, 16.993, 62.388, 0, 0, 0, 1
51, -24.53, 16.066, 62.395, 0, 0, 0, 1
51, -28.47, 9.483, 62.404, 0, 0, 0, 1
51, -28.888, 8.538, 62.456, 0, 0, 0, 1
51, -30.288, 0.859, 62.463, 0, 0, 0, 1
51, -30.416, -0.059, 62.516, 0, 0, 0, 1
51, -29.031, -7.633, 62.522, 0, 0, 0, 1
51, -28.883, -8.693, 62.574, 0, 0, 0, 1
51, -28.471, -9.626, 62.582, 0, 0, 0, 1
51, -24.53, -16.209, 62.589, 0, 0, 0, 1
51, -23.749, -17.15, 62.641, 0, 0, 0, 1
51, -17.969, -21.786, 62.649, 0, 0, 0, 1
51, -16.884, -22.555, 62.699, 0, 0, 0, 1
51, -15.64, -23.037, 62.708, 0, 0, 0, 1
51, -8.741, -25.359, 62.717, 0, 0, 0, 1
51, -7.168, -25.554, 62.767, 0, 0, 0, 1
51, -0.31, -25.389, 62.778, 0, 0, 0, 1
51, 0.524, -25.389, 62.824, 0, 0, 0, 1
52, 6.641, -25.85, 64.05, 0, 0, 0, 1
52, 8.761, -25.588, 62.872, 0, 0, 0, 1
52, 14.953, -23.503, 62.886, 0, 0, 0, 1
52, 16.721, -22.818, 62.931, 0, 0, 0, 1
52, 22.086, -18.529, 62.944, 0, 0, 0, 1
52, 23.494, -17.532, 62.991, 0, 0, 0, 1
52, 24.696, -16.084, 63.002, 0, 0, 0, 1
52, 28.232, -10.18, 63.015, 0, 0, 0, 1
52, 28.931, -8.597, 63.062, 0, 0, 0, 1
52, 30.187, -1.704, 63.074, 0, 0, 0, 1
52, 30.413, -0.085, 63.121, 0, 0, 0, 1
52, 29.17, 6.715, 63.132, 0, 0, 0, 1
52, 28.926, 8.465, 63.179, 0, 0, 0, 1
52, 28.232, 10.036, 63.191, 0, 0, 0, 1
52, 24.696, 15.941, 63.203, 0, 0, 0, 1
52, 23.482, 17.403, 63.25, 0, 0, 0, 1
52, 18.294, 21.565, 63.263, 0, 0, 0, 1
52, 16.736, 22.668, 63.308, 0, 0, 0, 1
52, 14.952, 23.36, 63.321, 0, 0, 0, 1
52, 8.76, 25.444, 63.334, 0, 0, 0, 1
52, 6.639, 25.707, 63.379, 0, 0, 0, 1
52, 0.478, 25.564, 63.393, 0, 0, 0, 1
52, -0.264, 25.563, 63.435, 0, 0, 0, 1
52, -6.425, 25.707, 63.44, 0, 0, 0, 1
52, -8.546, 25.444, 63.482, 0, 0, 0, 1
52, -14.738, 23.36, 63.496, 0, 0, 0, 1
52, -16.506, 22.675, 63.541, 0, 0, 0, 1
52, -21.872, 18.387, 63.554, 0, 0, 0, 1
52, -23.279, 17.391, 63.6, 0, 0, 0, 1
52, -24.482, 15.942, 63.612, 0, 0, 0, 1
52, -28.018, 10.034, 63.625, 0, 0, 0, 1
52, -28.717, 8.451, 63.672, 0, 0, 0, 1
52, -29.974, 1.561, 63.684, 0, 0, 0, 1
52, -30.2, -0.059, 63.731, 0, 0, 0, 1
52, -28.956, -6.856, 63.742, 0, 0, 0, 1
52, -28.712, -8.607, 63.789, 0, 0, 0, 1
52, -28.019, -10.178, 63.801, 0, 0, 0, 1
52, -24.483, -16.086, 63.813, 0, 0, 0, 1
52, -23.268, -17.548, 63.86, 0, 0, 0, 1
52, -18.081, -21.709, 63.873, 0, 0, 0, 1
52, -16.523, -22.812, 63.918, 0, 0, 0, 1
52, -14.739, -23.503, 63.931, 0, 0, 0, 1
52, -8.547, -25.588, 63.944, 0, 0, 0, 1
52, -6.427, -25.85, 63.988, 0, 0, 0, 1
52, -0.265, -25.708, 64.003, 0, 0, 0, 1
52, 0.478, -25.708, 64.045, 0, 0, 0, 1
53, 5.899, -26.146, 65.27, 0, 0, 0, 1
53, 8.568, -25.816, 64.087, 0, 0, 0, 1
53, 14.052, -23.969, 64.106, 0, 0, 0, 1
53, 16.36, -23.075, 64.145, 0, 0, 0, 1
53, 21.113, -19.276, 64.162, 0, 0, 0, 1
53, 23.013, -17.93, 64.203, 0, 0, 0, 1
53, 24.649, -15.96, 64.219, 0, 0, 0, 1
53, 27.78, -10.731, 64.236, 0, 0, 0, 1
53, 28.76, -8.51, 64.278, 0, 0, 0, 1
53, 29.873, -2.406, 64.294, 0, 0, 0, 1
53, 30.197, -0.085, 64.337, 0, 0, 0, 1
53, 29.096, 5.937, 64.353, 0, 0, 0, 1
53, 28.755, 8.378, 64.394, 0, 0, 0, 1
53, 27.78, 10.587, 64.411, 0, 0, 0, 1
53, 24.648, 15.817, 64.428, 0, 0, 0, 1
53, 23.001, 17.801, 64.469, 0, 0, 0, 1
53, 18.406, 21.487, 64.487, 0, 0, 0, 1
53, 16.376, 22.925, 64.527, 0, 0, 0, 1
53, 14.051, 23.826, 64.544, 0, 0, 0, 1
53, 8.566, 25.672, 64.561, 0, 0, 0, 1
53, 5.897, 26.003, 64.6, 0, 0, 0, 1
53, 0.432, 25.882, 64.618, 0, 0, 0, 1
53, -0.219, 25.882, 64.656, 0, 0, 0, 1
53, -5.684, 26.003, 64.66, 0, 0, 0, 1
53, -8.353, 25.672, 64.697, 0, 0, 0, 1
53, -13.838, 23.826, 64.716, 0, 0, 0, 1
53, -16.145, 22.932, 64.755, 0, 0, 0, 1
53, -20.899, 19.134, 64.772, 0, 0, 0, 1
53, -22.799, 17.789, 64.813, 0, 0, 0, 1
53, -24.434, 15.818, 64.829, 0, 0, 0, 1
53, -27.566, 10.586, 64.846, 0, 0, 0, 1
53, -28.547, 8.365, 64.888, 0, 0, 0, 1
53, -29.66, 2.262, 64.905, 0, 0, 0, 1
53, -29.983, -0.059, 64.947, 0, 0, 0, 1
53, -28.882, -6.079, 64.963, 0, 0, 0, 1
53, -28.542, -8.52, 65.004, 0, 0, 0, 1
53, -27.567, -10.729, 65.021, 0, 0, 0, 1
53, -24.435, -15.962, 65.038, 0, 0, 0, 1
53, -22.787, -17.946, 65.079, 0, 0, 0, 1
53, -18.193, -21.631, 65.097, 0, 0, 0, 1
53, -16.163, -23.069, 65.137, 0, 0, 0, 1
53, -13.839, -23.97, 65.154, 0, 0, 0, 1
53, -8.354, -25.816, 65.171, 0, 0, 0, 1
53, -5.685, -26.146, 65.21, 0, 0, 0, 1
53, -0.219, -26.026, 65.228, 0, 0, 0, 1
53, 0.432, -26.026, 65.266, 0, 0, 0, 1
54, 5.157, -26.442, 66.49, 0, 0, 0, 1
54, 8.374, -26.044, 65.302, 0, 0, 0, 1
54, 13.151, -24.436, 65.325, 0, 0, 0, 1
54, 15.999, -23.332, 65.359, 0, 0, 0, 1
54, 20.139, -20.023, 65.38, 0, 0, 0, 1
54, 22.532, -18.328, 65.416, 0, 0, 0, 1
54, 24.601, -15.836, 65.436, 0, 0, 0, 1
54, 27.328, -11.282, 65.458, 0, 0, 0, 1
54, 28.59, -8.424, 65.494, 0, 0, 0, 1
54, 29.559, -3.107, 65.515, 0, 0, 0, 1
54, 29.98, -0.085, 65.552, 0, 0, 0, 1
54, 29.022, 5.16, 65.573, 0, 0, 0, 1
54, 28.585, 8.292, 65.609, 0, 0, 0, 1
54, 27.328, 11.139, 65.631, 0, 0, 0, 1
54, 24.6, 15.693, 65.652, 0, 0, 0, 1
54, 22.52, 18.199, 65.688, 0, 0, 0, 1
54, 18.519, 21.409, 65.71, 0, 0, 0, 1
54, 16.015, 23.182, 65.745, 0, 0, 0, 1
54, 13.15, 24.292, 65.766, 0, 0, 0, 1
54, 8.373, 25.9, 65.787, 0, 0, 0, 1
54, 5.156, 26.299, 65.822, 0, 0, 0, 1
54, 0.389, 26.196, 65.844, 0, 0, 0, 1
54, -0.177, 26.196, 65.876, 0, 0, 0, 1
54, -4.942, 26.299, 65.88, 0, 0, 0, 1
54, -8.16, 25.9, 65.912, 0, 0, 0, 1
54, -12.937, 24.292, 65.935, 0, 0, 0, 1
54, -15.785, 23.189, 65.969, 0, 0, 0, 1
54, -19.925, 19.88, 65.99, 0, 0, 0, 1
54, -22.318, 18.186, 66.026, 0, 0, 0, 1
54, -24.387, 15.694, 66.046, 0, 0, 0, 1
54, -27.114, 11.137, 66.068, 0, 0, 0, 1
54, -28.377, 8.278, 66.104, 0, 0, 0, 1
54, -29.346, 2.963, 66.125, 0, 0, 0, 1
54, -29.767, -0.059, 66.162, 0, 0, 0, 1
54, -28.808, -5.302, 66.183, 0, 0, 0, 1
54, -28.372, -8.434, 66.219, 0, 0, 0, 1
54, -27.115, -11.281, 66.241, 0, 0, 0, 1
54, -24.387, -15.838, 66.262, 0, 0, 0, 1
54, -22.307, -18.344, 66.298, 0, 0, 0, 1
54, -18.305, -21.553, 66.32, 0, 0, 0, 1
54, -15.802, -23.326, 66.355, 0, 0, 0, 1
54, -12.938, -24.436, 66.376, 0, 0, 0, 1
54, -8.161, -26.044, 66.397, 0, 0, 0, 1
54, -4.944, -26.443, 66.432, 0, 0, 0, 1
54, -0.177, -26.34, 66.454, 0, 0, 0, 1
54, 0.39, -26.34, 66.486, 0, 0, 0, 1
55, 4.415, -26.739, 67.71, 0, 0, 0, 1
55, 8.181, -26.272, 66.521, 0, 0, 0, 1
55, 12.25, -24.902, 66.547, 0, 0, 0, 1
55, 15.638, -23.589, 66.576, 0, 0, 0, 1
55, 19.166, -20.77, 66.601, 0, 0, 0, 1
55, 22.051, -18.726, 66.632, 0, 0, 0, 1
55, 24.553, -15.713, 66.656, 0, 0, 0, 1
55, 26.876, -11.833, 66.683, 0, 0, 0, 1
55, 28.42, -8.337, 66.713, 0, 0, 0, 1
55, 29.245, -3.808, 66.739, 0, 0, 0, 1
55, 29.764, -0.085, 66.771, 0, 0, 0, 1
55, 28.948, 4.382, 66.797, 0, 0, 0, 1
55, 28.414, 8.205, 66.827, 0, 0, 0, 1
55, 26.876, 11.69, 66.854, 0, 0, 0, 1
55, 24.553, 15.569, 66.88, 0, 0, 0, 1
55, 22.039, 18.597, 66.911, 0, 0, 0, 1
55, 18.631, 21.332, 66.937, 0, 0, 0, 1
55, 15.654, 23.439, 66.967, 0, 0, 0, 1
55, 12.249, 24.759, 66.992, 0, 0, 0, 1
55, 8.18, 26.128, 67.017, 0, 0, 0, 1
55, 4.413, 26.595, 67.046, 0, 0, 0, 1
55, -0.131, 26.507, 67.072, 0, 0, 0, 1
55, -4.201, 26.595, 67.103, 0, 0, 0, 1
55, -7.966, 26.128, 67.131, 0, 0, 0, 1
55, -12.036, 24.759, 67.157, 0, 0, 0, 1
55, -15.424, 23.446, 67.186, 0, 0, 0, 1
55, -18.952, 20.627, 67.211, 0, 0, 0, 1
55, -21.837, 18.584, 67.242, 0, 0, 0, 1
55, -24.339, 15.57, 67.266, 0, 0, 0, 1
55, -26.662, 11.689, 67.293, 0, 0, 0, 1
55, -28.206, 8.192, 67.323, 0, 0, 0, 1
55, -29.032, 3.664, 67.35, 0, 0, 0, 1
55, -29.551, -0.059, 67.381, 0, 0, 0, 1
55, -28.734, -4.525, 67.407, 0, 0, 0, 1
55, -28.201, -8.347, 67.437, 0, 0, 0, 1
55, -26.663, -11.832, 67.464, 0, 0, 0, 1
55, -24.339, -15.714, 67.49, 0, 0, 0, 1
55, -21.826, -18.742, 67.521, 0, 0, 0, 1
55, -18.417, -21.475, 67.547, 0, 0, 0, 1
55, -15.441, -23.583, 67.577, 0, 0, 0, 1
55, -12.037, -24.902, 67.602, 0, 0, 0, 1
55, -7.967, -26.272, 67.627, 0, 0, 0, 1
55, -4.202, -26.739, 67.656, 0, 0, 0, 1
55, -0.131, -26.651, 67.682, 0, 0, 0, 1
56, 3.673, -27.035, 68.93, 0, 0, 0, 1
56, 7.987, -26.5, 67.736, 0, 0, 0, 1
56, 11.349, -25.368, 67.765, 0, 0, 0, 1
56, 15.278, -23.846, 67.79, 0, 0, 0, 1
56, 18.192, -21.517, 67.818, 0, 0, 0, 1
56, 21.57, -19.124, 67.844, 0, 0, 0, 1
56, 24.505, -15.589, 67.872, 0, 0, 0, 1
56, 26.424, -12.385, 67.903, 0, 0, 0, 1
56, 28.249, -8.25, 67.929, 0, 0, 0, 1
56, 28.931, -4.509, 67.96, 0, 0, 0, 1
56, 29.548, -0.085, 67.986, 0, 0, 0, 1
56, 28.873, 3.605, 68.016, 0, 0, 0, 1
56, 28.244, 8.118, 68.042, 0, 0, 0, 1
56, 26.424, 12.241, 68.073, 0, 0, 0, 1
56, 24.505, 15.445, 68.104, 0, 0, 0, 1
56, 21.558, 18.995, 68.129, 0, 0, 0, 1
56, 18.743, 21.254, 68.161, 0, 0, 0, 1
56, 15.293, 23.696, 68.185, 0, 0, 0, 1
56, 11.349, 25.225, 68.214, 0, 0, 0, 1
56, 7.986, 26.357, 68.243, 0, 0, 0, 1
56, 3.672, 26.891, 68.267, 0, 0, 0, 1
56, -0.09, 26.818, 68.297, 0, 0, 0, 1
56, -3.46, 26.891, 68.323, 0, 0, 0, 1
56, -7.773, 26.356, 68.346, 0, 0, 0, 1
56, -11.136, 25.225, 68.375, 0, 0, 0, 1
56, -15.063, 23.703, 68.4, 0, 0, 0, 1
56, -17.979, 21.374, 68.428, 0, 0, 0, 1
56, -21.356, 18.982, 68.454, 0, 0, 0, 1
56, -24.291, 15.446, 68.482, 0, 0, 0, 1
56, -26.21, 12.24, 68.513, 0, 0, 0, 1
56, -28.036, 8.105, 68.539, 0, 0, 0, 1
56, -28.718, 4.365, 68.57, 0, 0, 0, 1
56, -29.335, -0.059, 68.596, 0, 0, 0, 1
56, -28.66, -3.747, 68.626, 0, 0, 0, 1
56, -28.031, -8.261, 68.652, 0, 0, 0, 1
56, -26.21, -12.384, 68.683, 0, 0, 0, 1
56, -24.292, -15.59, 68.714, 0, 0, 0, 1
56, -21.345, -19.14, 68.739, 0, 0, 0, 1
56, -18.529, -21.398, 68.771, 0, 0, 0, 1
56, -15.081, -23.84, 68.795, 0, 0, 0, 1
56, -11.136, -25.368, 68.824, 0, 0, 0, 1
56, -7.774, -26.5, 68.853, 0, 0, 0, 1
56, -3.461, -27.035, 68.877, 0, 0, 0, 1
56, -0.091, -26.962, 68.907, 0, 0, 0, 1
57, 2.931, -27.331, 70.15, 0, 0, 0, 1
57, 7.794, -26.729, 68.95, 0, 0, 0, 1
57, 10.448, -25.835, 68.984, 0, 0, 0, 1
57, 14.917, -24.103, 69.003, 0, 0, 0, 1
57, 17.219, -22.263, 69.036, 0, 0, 0, 1
57, 21.089, -19.522, 69.056, 0, 0, 0, 1
57, 24.457, -15.465, 69.088, 0, 0, 0, 1
57, 25.972, -12.936, 69.124, 0, 0, 0, 1
57, 28.079, -8.164, 69.144, 0, 0, 0, 1
57, 28.617, -5.21, 69.18, 0, 0, 0, 1
57, 29.332, -0.085, 69.201, 0, 0, 0, 1
57, 28.799, 2.828, 69.236, 0, 0, 0, 1
57, 28.074, 8.031, 69.256, 0, 0, 0, 1
57, 25.972, 12.792, 69.292, 0, 0, 0, 1
57, 24.457, 15.321, 69.328, 0, 0, 0, 1
57, 21.078, 19.393, 69.348, 0, 0, 0, 1
57, 18.855, 21.176, 69.384, 0, 0, 0, 1
57, 14.933, 23.953, 69.403, 0, 0, 0, 1
57, 10.448, 25.691, 69.436, 0, 0, 0, 1
57, 7.793, 26.585, 69.469, 0, 0, 0, 1
57, 2.931, 27.187, 69.488, 0, 0, 0, 1
57, -0.05, 27.129, 69.522, 0, 0, 0, 1
57, -2.719, 27.187, 69.542, 0, 0, 0, 1
57, -7.58, 26.585, 69.56, 0, 0, 0, 1
57, -10.235, 25.691, 69.594, 0, 0, 0, 1
57, -14.703, 23.96, 69.613, 0, 0, 0, 1
57, -17.005, 22.12, 69.646, 0, 0, 0, 1
57, -20.875, 19.38, 69.666, 0, 0, 0, 1
57, -24.244, 15.322, 69.698, 0, 0, 0, 1
57, -25.758, 12.792, 69.734, 0, 0, 0, 1
57, -27.865, 8.019, 69.754, 0, 0, 0, 1
57, -28.404, 5.067, 69.79, 0, 0, 0, 1
57, -29.119, -0.059, 69.811, 0, 0, 0, 1
57, -28.586, -2.97, 69.846, 0, 0, 0, 1
57, -27.86, -8.174, 69.866, 0, 0, 0, 1
57, -25.758, -12.935, 69.902, 0, 0, 0, 1
57, -24.244, -15.466, 69.938, 0, 0, 0, 1
57, -20.864, -19.538, 69.958, 0, 0, 0, 1
57, -18.641, -21.32, 69.994, 0, 0, 0, 1
57, -14.72, -24.097, 70.013, 0, 0, 0, 1
57, -10.236, -25.835, 70.046, 0, 0, 0, 1
57, -7.581, -26.728, 70.079, 0, 0, 0, 1
57, -2.72, -27.331, 70.098, 0, 0, 0, 1
57, -0.05, -27.273, 70.132, 0, 0, 0, 1
58, 2.19, -27.627, 71.37, 0, 0, 0, 1
58, 7.6, -26.957, 70.165, 0, 0, 0, 1
58, 9.548, -26.301, 70.202, 0, 0, 0, 1
58, 14.556, -24.36, 70.216, 0, 0, 0, 1
58, 16.245, -23.01, 70.253, 0, 0, 0, 1
58, 20.608, -19.92, 70.268, 0, 0, 0, 1
58, 24.41, -15.341, 70.304, 0, 0, 0, 1
58, 25.52, -13.487, 70.345, 0, 0, 0, 1
58, 27.908, -8.077, 70.36, 0, 0, 0, 1
58, 28.303, -5.912, 70.4, 0, 0, 0, 1
58, 29.116, -0.085, 70.415, 0, 0, 0, 1
58, 28.725, 2.05, 70.456, 0, 0, 0, 1
58, 27.903, 7.945, 70.471, 0, 0, 0, 1
58, 25.52, 13.343, 70.511, 0, 0, 0, 1
58, 24.41, 15.197, 70.552, 0, 0, 0, 1
58, 20.597, 19.791, 70.566, 0, 0, 0, 1
58, 18.967, 21.098, 70.607, 0, 0, 0, 1
58, 14.572, 24.21, 70.622, 0, 0, 0, 1
58, 9.547, 26.157, 70.658, 0, 0, 0, 1
58, 7.599, 26.813, 70.695, 0, 0, 0, 1
58, 2.189, 27.483, 70.709, 0, 0, 0, 1
58, -0.01, 27.44, 70.747, 0, 0, 0, 1
58, -1.978, 27.483, 70.762, 0, 0, 0, 1
58, -7.387, 26.813, 70.775, 0, 0, 0, 1
58, -9.334, 26.157, 70.812, 0, 0, 0, 1
58, -14.342, 24.216, 70.826, 0, 0, 0, 1
58, -16.032, 22.867, 70.863, 0, 0, 0, 1
58, -20.394, 19.778, 70.878, 0, 0, 0, 1
58, -24.196, 15.198, 70.914, 0, 0, 0, 1
58, -25.306, 13.343, 70.955, 0, 0, 0, 1
58, -27.695, 7.933, 70.97, 0, 0, 0, 1
58, -28.09, 5.768, 71.01, 0, 0, 0, 1
58, -28.902, -0.059, 71.025, 0, 0, 0, 1
58, -28.512, -2.193, 71.066, 0, 0, 0, 1
58, -27.69, -8.088, 71.081, 0, 0, 0, 1
58, -25.306, -13.487, 71.121, 0, 0, 0, 1
58, -24.196, -15.342, 71.162, 0, 0, 0, 1
58, -20.383, -19.935, 71.176, 0, 0, 0, 1
58, -18.753, -21.242, 71.217, 0, 0, 0, 1
58, -14.359, -24.354, 71.232, 0, 0, 0, 1
58, -9.335, -26.301, 71.268, 0, 0, 0, 1
58, -7.387, -26.957, 71.305, 0, 0, 0, 1
58, -1.978, -27.627, 71.319, 0, 0, 0, 1
58, -0.01, -27.584, 71.357, 0, 0, 0, 1
59, 1.448, -27.923, 72.59, 0, 0, 0, 1
59, 7.406, -27.185, 71.38, 0, 0, 0, 1
59, 8.647, -26.767, 71.421, 0, 0, 0, 1
59, 14.195, -24.617, 71.43, 0, 0, 0, 1
59, 15.272, -23.757, 71.471, 0, 0, 0, 1
59, 20.128, -20.318, 71.48, 0, 0, 0, 1
59, 24.362, -15.217, 71.521, 0, 0, 0, 1
59, 25.068, -14.038, 71.566, 0, 0, 0, 1
59, 27.738, -7.99, 71.575, 0, 0, 0, 1
59, 27.989, -6.613, 71.621, 0, 0, 0, 1
59, 28.9, -0.085, 71.63, 0, 0, 0, 1
59, 28.651, 1.273, 71.675, 0, 0, 0, 1
59, 27.733, 7.858, 71.685, 0, 0, 0, 1
59, 25.068, 13.894, 71.73, 0, 0, 0, 1
59, 24.362, 15.074, 71.776, 0, 0, 0, 1
59, 20.116, 20.188, 71.785, 0, 0, 0, 1
59, 19.079, 21.021, 71.83, 0, 0, 0, 1
59, 14.211, 24.467, 71.84, 0, 0, 0, 1
59, 8.646, 26.624, 71.88, 0, 0, 0, 1
59, 7.406, 27.041, 71.921, 0, 0, 0, 1
59, 1.448, 27.779, 71.93, 0, 0, 0, 1
59, 0.03, 27.752, 71.971, 0, 0, 0, 1
59, -1.237, 27.779, 71.981, 0, 0, 0, 1
59, -7.194, 27.041, 71.99, 0, 0, 0, 1
59, -8.434, 26.623, 72.031, 0, 0, 0, 1
59, -13.982, 24.473, 72.04, 0, 0, 0, 1
59, -15.058, 23.613, 72.081, 0, 0, 0, 1
59, -19.913, 20.175, 72.09, 0, 0, 0, 1
59, -24.148, 15.074, 72.131, 0, 0, 0, 1
59, -24.854, 13.895, 72.176, 0, 0, 0, 1
59, -27.525, 7.846, 72.185, 0, 0, 0, 1
59, -27.776, 6.469, 72.231, 0, 0, 0, 1
59, -28.686, -0.059, 72.24, 0, 0, 0, 1
59, -28.438, -1.416, 72.285, 0, 0, 0, 1
59, -27.52, -8.002, 72.295, 0, 0, 0, 1
59, -24.854, -14.038, 72.34, 0, 0, 0, 1
59, -24.148, -15.218, 72.386, 0, 0, 0, 1
59, -19.902, -20.333, 72.395, 0, 0, 0, 1
59, -18.865, -21.165, 72.44, 0, 0, 0, 1
59, -13.998, -24.611, 72.45, 0, 0, 0, 1
59, -8.434, -26.767, 72.49, 0, 0, 0, 1
59, -7.194, -27.185, 72.531, 0, 0, 0, 1
59, -1.237, -27.923, 72.54, 0, 0, 0, 1
59, 0.03, -27.896, 72.581, 0, 0, 0, 1
60, 0.706, -28.219, 73.81, 0, 0, 0, 1
60, 7.213, -27.413, 72.594, 0, 0, 0, 1
60, 7.746, -27.234, 72.639, 0, 0, 0, 1
60, 13.834, -24.874, 72.643, 0, 0, 0, 1
60, 14.298, -24.504, 72.688, 0, 0, 0, 1
60, 19.647, -20.716, 72.692, 0, 0, 0, 1
60, 24.314, -15.094, 72.737, 0, 0, 0, 1
60, 24.616, -14.59, 72.787, 0, 0, 0, 1
60, 27.568, -7.904, 72.791, 0, 0, 0, 1
60, 27.675, -7.314, 72.841, 0, 0, 0, 1
60, 28.683, -0.085, 72.845, 0, 0, 0, 1
60, 28.577, 0.495, 72.895, 0, 0, 0, 1
60, 27.562, 7.771, 72.899, 0, 0, 0, 1
60, 24.616, 14.446, 72.95, 0, 0, 0, 1
60, 24.314, 14.95, 73.0, 0, 0, 0, 1
60, 19.635, 20.586, 73.004, 0, 0, 0, 1
60, 19.191, 20.943, 73.054, 0, 0, 0, 1
60, 13.851, 24.724, 73.058, 0, 0, 0, 1
60, 7.745, 27.09, 73.102, 0, 0, 0, 1
60, 7.213, 27.269, 73.147, 0, 0, 0, 1
60, 0.707, 28.075, 73.151, 0, 0, 0, 1
60, 0.141, 28.063, 73.196, 0, 0, 0, 1
60, -0.495, 28.075, 73.2, 0, 0, 0, 1
60, -7.001, 27.269, 73.204, 0, 0, 0, 1
60, -7.533, 27.09, 73.249, 0, 0, 0, 1
60, -13.621, 24.73, 73.253, 0, 0, 0, 1
60, -14.085, 24.36, 73.298, 0, 0, 0, 1
60, -19.432, 20.573, 73.302, 0, 0, 0, 1
60, -24.101, 14.95, 73.347, 0, 0, 0, 1
60, -24.402, 14.446, 73.397, 0, 0, 0, 1
60, -27.354, 7.76, 73.401, 0, 0, 0, 1
60, -27.462, 7.17, 73.451, 0, 0, 0, 1
60, -28.47, -0.059, 73.455, 0, 0, 0, 1
60, -28.364, -0.639, 73.505, 0, 0, 0, 1
60, -27.349, -7.915, 73.509, 0, 0, 0, 1
60, -24.402, -14.59, 73.56, 0, 0, 0, 1
60, -24.101, -15.094, 73.61, 0, 0, 0, 1
60, -19.421, -20.731, 73.614, 0, 0, 0, 1
60, -18.977, -21.087, 73.664, 0, 0, 0, 1
60, -13.638, -24.868, 73.668, 0, 0, 0, 1
60, -7.533, -27.234, 73.712, 0, 0, 0, 1
60, -7.001, -27.413, 73.757, 0, 0, 0, 1
60, -0.496, -28.219, 73.761, 0, 0, 0, 1
60, 0.07, -28.207, 73.806, 0, 0, 0, 1
61, 6.878, -27.629, 75.03, 0, 0, 0, 1
61, 7.083, -27.596, 73.857, 0, 0, 0, 1
61, 13.436, -25.134, 73.858, 0, 0, 0, 1
61, 13.621, -25.04, 73.905, 0, 0, 0, 1
61, 19.182, -21.102, 73.906, 0, 0, 0, 1
61, 19.325, -20.959, 73.953, 0, 0, 0, 1
61, 24.223, -15.059, 73.954, 0, 0, 0, 1
61, 24.313, -14.883, 74.007, 0, 0, 0, 1
61, 27.408, -7.873, 74.008, 0, 0, 0, 1
61, 28.501, -0.072, 74.061, 0, 0, 0, 1
61, 27.441, 7.529, 74.115, 0, 0, 0, 1
61, 27.41, 7.724, 74.168, 0, 0, 0, 1
61, 24.313, 14.739, 74.169, 0, 0, 0, 1
61, 24.223, 14.915, 74.222, 0, 0, 0, 1
61, 19.325, 20.815, 74.223, 0, 0, 0, 1
61, 19.182, 20.958, 74.276, 0, 0, 0, 1
61, 13.621, 24.896, 74.277, 0, 0, 0, 1
61, 13.436, 24.99, 74.324, 0, 0, 0, 1
61, 7.092, 27.449, 74.325, 0, 0, 0, 1
61, 0.105, 28.323, 74.372, 0, 0, 0, 1
61, -6.666, 27.484, 74.42, 0, 0, 0, 1
61, -6.871, 27.452, 74.467, 0, 0, 0, 1
61, -13.223, 24.99, 74.468, 0, 0, 0, 1
61, -13.408, 24.896, 74.515, 0, 0, 0, 1
61, -18.968, 20.959, 74.516, 0, 0, 0, 1
61, -19.112, 20.815, 74.563, 0, 0, 0, 1
61, -24.01, 14.916, 74.564, 0, 0, 0, 1
61, -24.099, 14.739, 74.617, 0, 0, 0, 1
61, -27.194, 7.729, 74.618, 0, 0, 0, 1
61, -28.287, -0.072, 74.671, 0, 0, 0, 1
61, -27.194, -7.873, 74.725, 0, 0, 0, 1
61, -24.099, -14.883, 74.779, 0, 0, 0, 1
61, -24.01, -15.06, 74.832, 0, 0, 0, 1
61, -19.112, -20.959, 74.833, 0, 0, 0, 1
61, -18.968, -21.103, 74.886, 0, 0, 0, 1
61, -13.408, -25.04, 74.887, 0, 0, 0, 1
61, -13.223, -25.134, 74.934, 0, 0, 0, 1
61, -6.88, -27.592, 74.935, 0, 0, 0, 1
61, 0.106, -28.467, 74.982, 0, 0, 0, 1
62, 5.39, -27.813, 76.25, 0, 0, 0, 1
62, 7.48, -27.482, 75.066, 0, 0, 0, 1
62, 12.435, -25.562, 75.081, 0, 0, 0, 1
62, 14.32, -24.601, 75.117, 0, 0, 0, 1
62, 18.657, -21.53, 75.132, 0, 0, 0, 1
62, 20.15, -20.038, 75.168, 0, 0, 0, 1
62, 23.971, -15.434, 75.183, 0, 0, 0, 1
62, 24.928, -13.557, 75.224, 0, 0, 0, 1
62, 27.342, -8.089, 75.238, 0, 0, 0, 1
62, 28.171, -2.147, 75.279, 0, 0, 0, 1
62, 28.5, -0.066, 75.321, 0, 0, 0, 1
62, 27.673, 5.86, 75.335, 0, 0, 0, 1
62, 27.344, 7.94, 75.376, 0, 0, 0, 1
62, 24.928, 13.413, 75.39, 0, 0, 0, 1
62, 23.971, 15.29, 75.432, 0, 0, 0, 1
62, 20.15, 19.894, 75.446, 0, 0, 0, 1
62, 18.657, 21.386, 75.487, 0, 0, 0, 1
62, 14.32, 24.457, 75.501, 0, 0, 0, 1
62, 12.435, 25.418, 75.538, 0, 0, 0, 1
62, 7.48, 27.338, 75.552, 0, 0, 0, 1
62, 5.39, 27.669, 75.589, 0, 0, 0, 1
62, 0.106, 28.323, 75.603, 0, 0, 0, 1
62, -5.178, 27.669, 75.64, 0, 0, 0, 1
62, -7.268, 27.338, 75.676, 0, 0, 0, 1
62, -12.222, 25.418, 75.691, 0, 0, 0, 1
62, -14.107, 24.457, 75.727, 0, 0, 0, 1
62, -18.443, 21.387, 75.742, 0, 0, 0, 1
62, -19.937, 19.893, 75.778, 0, 0, 0, 1
62, -23.758, 15.29, 75.793, 0, 0, 0, 1
62, -24.714, 13.414, 75.834, 0, 0, 0, 1
62, -27.128, 7.945, 75.848, 0, 0, 0, 1
62, -27.957, 2.003, 75.889, 0, 0, 0, 1
62, -28.287, -0.078, 75.931, 0, 0, 0, 1
62, -27.46, -6.004, 75.945, 0, 0, 0, 1
62, -27.131, -8.084, 75.986, 0, 0, 0, 1
62, -24.714, -13.558, 76.0, 0, 0, 0, 1
62, -23.758, -15.434, 76.042, 0, 0, 0, 1
62, -19.937, -20.037, 76.056, 0, 0, 0, 1
62, -18.443, -21.531, 76.097, 0, 0, 0, 1
62, -14.107, -24.601, 76.111, 0, 0, 0, 1
62, -12.222, -25.562, 76.148, 0, 0, 0, 1
62, -7.277, -27.478, 76.162, 0, 0, 0, 1
62, -1.974, -28.135, 76.199, 0, 0, 0, 1
62, 0.116, -28.466, 76.235, 0, 0, 0, 1
63, 3.902, -27.997, 77.47, 0, 0, 0, 1
63, 7.877, -27.368, 76.276, 0, 0, 0, 1
63, 11.433, -25.99, 76.304, 0, 0, 0, 1
63, 15.019, -24.162, 76.33, 0, 0, 0, 1
63, 18.132, -21.958, 76.358, 0, 0, 0, 1
63, 20.975, -19.116, 76.384, 0, 0, 0, 1
63, 23.72, -15.809, 76.411, 0, 0, 0, 1
63, 25.543, -12.232, 76.441, 0, 0, 0, 1
63, 27.276, -8.305, 76.468, 0, 0, 0, 1
63, 27.872, -4.032, 76.498, 0, 0, 0, 1
63, 28.5, -0.066, 76.527, 0, 0, 0, 1
63, 27.906, 4.191, 76.555, 0, 0, 0, 1
63, 27.278, 8.156, 76.584, 0, 0, 0, 1
63, 25.543, 12.087, 76.612, 0, 0, 0, 1
63, 23.72, 15.665, 76.642, 0, 0, 0, 1
63, 20.975, 18.972, 76.669, 0, 0, 0, 1
63, 18.132, 21.814, 76.699, 0, 0, 0, 1
63, 15.019, 24.018, 76.726, 0, 0, 0, 1
63, 11.433, 25.846, 76.752, 0, 0, 0, 1
63, 7.877, 27.224, 76.78, 0, 0, 0, 1
63, 3.902, 27.853, 76.806, 0, 0, 0, 1
63, 0.106, 28.323, 76.834, 0, 0, 0, 1
63, -3.69, 27.853, 76.86, 0, 0, 0, 1
63, -7.664, 27.224, 76.886, 0, 0, 0, 1
63, -11.22, 25.846, 76.914, 0, 0, 0, 1
63, -14.806, 24.018, 76.94, 0, 0, 0, 1
63, -17.918, 21.815, 76.968, 0, 0, 0, 1
63, -20.762, 18.972, 76.994, 0, 0, 0, 1
63, -23.506, 15.665, 77.021, 0, 0, 0, 1
63, -25.329, 12.088, 77.051, 0, 0, 0, 1
63, -27.063, 8.161, 77.078, 0, 0, 0, 1
63, -27.659, 3.888, 77.108, 0, 0, 0, 1
63, -28.287, -0.078, 77.137, 0, 0, 0, 1
63, -27.693, -4.335, 77.165, 0, 0, 0, 1
63, -27.065, -8.3, 77.194, 0, 0, 0, 1
63, -25.329, -12.232, 77.222, 0, 0, 0, 1
63, -23.506, -15.809, 77.252, 0, 0, 0, 1
63, -20.761, -19.116, 77.279, 0, 0, 0, 1
63, -17.919, -21.959, 77.309, 0, 0, 0, 1
63, -14.806, -24.162, 77.336, 0, 0, 0, 1
63, -11.22, -25.989, 77.362, 0, 0, 0, 1
63, -7.674, -27.364, 77.39, 0, 0, 0, 1
63, -3.858, -27.837, 77.416, 0, 0, 0, 1
63, 0.116, -28.466, 77.442, 0, 0, 0, 1
64, 2.414, -28.182, 78.69, 0, 0, 0, 1
64, 8.274, -27.254, 77.486, 0, 0, 0, 1
64, 10.432, -26.417, 77.527, 0, 0, 0, 1
64, 15.718, -23.724, 77.542, 0, 0, 0, 1
64, 17.607, -22.386, 77.583, 0, 0, 0, 1
64, 21.799, -18.194, 77.599, 0, 0, 0, 1
64, 23.468, -16.184, 77.64, 0, 0, 0, 1
64, 26.157, -10.906, 77.658, 0, 0, 0, 1
64, 27.21, -8.521, 77.698, 0, 0, 0, 1
64, 27.573, -5.917, 77.716, 0, 0, 0, 1
64, 28.5, -0.066, 77.734, 0, 0, 0, 1
64, 28.139, 2.521, 77.775, 0, 0, 0, 1
64, 27.212, 8.372, 77.793, 0, 0, 0, 1
64, 26.157, 10.762, 77.834, 0, 0, 0, 1
64, 23.468, 16.04, 77.851, 0, 0, 0, 1
64, 21.799, 18.05, 77.892, 0, 0, 0, 1
64, 17.607, 22.242, 77.91, 0, 0, 0, 1
64, 15.718, 23.58, 77.951, 0, 0, 0, 1
64, 10.432, 26.273, 77.967, 0, 0, 0, 1
64, 8.274, 27.11, 78.007, 0, 0, 0, 1
64, 2.414, 28.038, 78.023, 0, 0, 0, 1
64, 0.106, 28.323, 78.064, 0, 0, 0, 1
64, -2.201, 28.038, 78.08, 0, 0, 0, 1
64, -8.061, 27.109, 78.096, 0, 0, 0, 1
64, -10.219, 26.273, 78.137, 0, 0, 0, 1
64, -15.505, 23.58, 78.152, 0, 0, 0, 1
64, -17.394, 22.242, 78.193, 0, 0, 0, 1
64, -21.586, 18.05, 78.209, 0, 0, 0, 1
64, -23.255, 16.04, 78.25, 0, 0, 0, 1
64, -25.944, 10.762, 78.268, 0, 0, 0, 1
64, -26.997, 8.377, 78.308, 0, 0, 0, 1
64, -27.36, 5.773, 78.326, 0, 0, 0, 1
64, -28.287, -0.078, 78.344, 0, 0, 0, 1
64, -27.926, -2.666, 78.385, 0, 0, 0, 1
64, -26.999, -8.516, 78.403, 0, 0, 0, 1
64, -25.944, -10.906, 78.444, 0, 0, 0, 1
64, -23.255, -16.184, 78.461, 0, 0, 0, 1
64, -21.586, -18.194, 78.502, 0, 0, 0, 1
64, -17.394, -22.386, 78.52, 0, 0, 0, 1
64, -15.505, -23.724, 78.561, 0, 0, 0, 1
64, -10.219, -26.417, 78.577, 0, 0, 0, 1
64, -8.07, -27.25, 78.617, 0, 0, 0, 1
64, -5.743, -27.538, 78.633, 0, 0, 0, 1
64, 0.116, -28.466, 78.649, 0, 0, 0, 1
65, 0.926, -28.366, 79.91, 0, 0, 0, 1
65, 8.67, -27.139, 78.696, 0, 0, 0, 1
65, 9.43, -26.845, 78.749, 0, 0, 0, 1
65, 16.417, -23.285, 78.755, 0, 0, 0, 1
65, 17.083, -22.814, 78.809, 0, 0, 0, 1
65, 22.624, -17.272, 78.814, 0, 0, 0, 1
65, 23.216, -16.559, 78.868, 0, 0, 0, 1
65, 26.772, -9.58, 78.875, 0, 0, 0, 1
65, 27.144, -8.737, 78.928, 0, 0, 0, 1
65, 27.275, -7.802, 78.935, 0, 0, 0, 1
65, 28.5, -0.066, 78.941, 0, 0, 0, 1
65, 28.372, 0.852, 78.995, 0, 0, 0, 1
65, 27.147, 8.588, 79.001, 0, 0, 0, 1
65, 26.772, 9.436, 79.055, 0, 0, 0, 1
65, 23.216, 16.415, 79.061, 0, 0, 0, 1
65, 22.624, 17.128, 79.115, 0, 0, 0, 1
65, 17.083, 22.67, 79.122, 0, 0, 0, 1
65, 16.417, 23.141, 79.175, 0, 0, 0, 1
65, 9.43, 26.701, 79.181, 0, 0, 0, 1
65, 8.67, 26.995, 79.235, 0, 0, 0, 1
65, 0.926, 28.222, 79.24, 0, 0, 0, 1
65, 0.106, 28.323, 79.294, 0, 0, 0, 1
65, -0.713, 28.222, 79.3, 0, 0, 0, 1
65, -8.457, 26.995, 79.306, 0, 0, 0, 1
65, -9.217, 26.701, 79.359, 0, 0, 0, 1
65, -16.204, 23.141, 79.365, 0, 0, 0, 1
65, -16.869, 22.67, 79.419, 0, 0, 0, 1
65, -22.411, 17.128, 79.424, 0, 0, 0, 1
65, -23.003, 16.415, 79.478, 0, 0, 0, 1
65, -26.559, 9.436, 79.485, 0, 0, 0, 1
65, -26.931, 8.593, 79.538, 0, 0, 0, 1
65, -27.062, 7.658, 79.545, 0, 0, 0, 1
65, -28.287, -0.078, 79.551, 0, 0, 0, 1
65, -28.159, -0.996, 79.605, 0, 0, 0, 1
65, -26.933, -8.732, 79.611, 0, 0, 0, 1
65, -26.559, -9.58, 79.665, 0, 0, 0, 1
65, -23.003, -16.559, 79.671, 0, 0, 0, 1
65, -22.411, -17.272, 79.725, 0, 0, 0, 1
65, -16.869, -22.814, 79.732, 0, 0, 0, 1
65, -16.204, -23.285, 79.785, 0, 0, 0, 1
65, -9.217, -26.845, 79.791, 0, 0, 0, 1
65, -8.467, -27.136, 79.845, 0, 0, 0, 1
65, -7.628, -27.24, 79.85, 0, 0, 0, 1
65, 0.117, -28.466, 79.856, 0, 0, 0, 1
65, 0.926, -28.366, 79.91, 0, 0, 0, 1
65, 8.67, -27.139, 79.91, 0, 0, 0, 1
65, 9.43, -26.845, 79.91, 0, 0, 0, 1
65, 16.417, -23.285, 79.91, 0, 0, 0, 1
65, 17.083, -22.814, 79.91, 0, 0, 0, 1
65, 22.624, -17.272, 79.91, 0, 0, 0, 1
65, 23.216, -16.559, 79.91, 0, 0, 0, 1
65, 26.772, -9.58, 79.91, 0, 0, 0, 1
65, 27.144, -8.737, 79.91, 0, 0, 0, 1
65, 27.275, -7.802, 79.91, 0, 0, 0, 1
65, 28.5, -0.066, 79.91, 0, 0, 0, 1
65, 28.372, 0.852, 79.91, 0, 0, 0, 1
65, 27.147, 8.588, 79.91, 0, 0, 0, 1
65, 26.772, 9.436, 79.91, 0, 0, 0, 1
65, 23.216, 16.415, 79.91, 0, 0, 0, 1
65, 22.624, 17.128, 79.91, 0, 0, 0, 1
65, 17.083, 22.67, 79.91, 0, 0, 0, 1
65, 16.417, 23.141, 79.91, 0, 0, 0, 1
65, 9.43, 26.701, 79.91, 0, 0, 0, 1
65, 8.67, 26.995, 79.91, 0, 0, 0, 1
65, 0.926, 28.222, 79.91, 0, 0, 0, 1
65, 0.106, 28.323, 79.91, 0, 0, 0, 1
65, -0.713, 28.222, 79.91, 0, 0, 0, 1
65, -8.457, 26.995, 79.91, 0, 0, 0, 1
65, -9.217, 26.701, 79.91, 0, 0, 0, 1
65, -16.204, 23.141, 79.91, 0, 0, 0, 1
65, -16.869, 22.67, 79.91, 0, 0, 0, 1
65, -22.411, 17.128, 79.91, 0, 0, 0, 1
65, -23.003, 16.415, 79.91, 0, 0, 0, 1
65, -26.559, 9.436, 79.91, 0, 0, 0, 1
65, -26.931, 8.593, 79.91, 0, 0, 0, 1
65, -27.062, 7.658, 79.91, 0, 0, 0, 1
65, -28.287, -0.078, 79.91, 0, 0, 0, 1
65, -28.159, -0.996, 79.91, 0, 0, 0, 1
65, -26.933, -8.732, 79.91, 0, 0, 0, 1
65, -26.559, -9.58, 79.91, 0, 0, 0, 1
65, -23.003, -16.559, 79.91, 0, 0, 0, 1
65, -22.411, -17.272, 79.91, 0, 0, 0, 1
65, -16.869, -22.814, 79.91, 0, 0, 0, 1
65, -16.204, -23.285, 79.91, 0, 0, 0, 1
65, -9.217, -26.845, 79.91, 0, 0, 0, 1
65, -8.467, -27.136, 79.91, 0, 0, 0, 1
65, -7.628, -27.24, 79.91, 0, 0, 0, 1
65, 0.117, -28.466, 79.91, 0, 0, 0, 1
