##No.  X  Y  Z  Yaw  Pitch  Roll  Weld_En
86, -28.899, 3.219, 111.995, 0, 0, 0, 1
86, -29.295, 0.62, 110.717, 0, 0, 0, 1
86, -29.499, -0.729, 110.731, 0, 0, 0, 1
86, -28.898, -4.678, 110.738, 0, 0, 0, 1
86, -27.056, -8.68, 110.758, 0, 0, 0, 1
86, -23.9, -12.68, 110.78, 0, 0, 0, 1
86, -21.408, -14.85, 110.806, 0, 0, 0, 1
86, -19.393, -16.589, 110.823, 0, 0, 0, 1
86, -13.56, -20.296, 110.836, 0, 0, 0, 1
86, -6.447, -23.694, 110.871, 0, 0, 0, 1
86, -0.885, -25.699, 110.911, 0, 0, 0, 1
86, 0.617, -26.345, 110.941, 0, 0, 0, 1
86, 2.242, -26.979, 110.95, 0, 0, 0, 1
86, 5.927, -28.163, 110.959, 0, 0, 0, 1
86, 10.541, -29.357, 110.978, 0, 0, 0, 1
86, 13.547, -30.335, 111.002, 0, 0, 0, 1
86, 22.631, -32.054, 111.018, 0, 0, 0, 1
86, 31.896, -32.675, 111.065, 0, 0, 0, 1
86, 35.449, -32.699, 111.112, 0, 0, 0, 1
86, 37.094, -32.535, 111.13, 0, 0, 0, 1
86, 42.048, -31.7, 111.139, 0, 0, 0, 1
86, 42.311, -31.628, 111.164, 0, 0, 0, 1
86, 43.722, -31.123, 111.166, 0, 0, 0, 1
86, 48.274, -29.546, 111.173, 0, 0, 0, 1
86, 53.963, -26.403, 111.198, 0, 0, 0, 1
86, 56.746, -24.164, 111.231, 0, 0, 0, 1
86, 58.567, -22.765, 111.249, 0, 0, 0, 1
86, 59.454, -21.955, 111.261, 0, 0, 0, 1
86, 61.281, -19.912, 111.267, 0, 0, 0, 1
86, 63.248, -17.593, 111.281, 0, 0, 0, 1
86, 65.653, -13.713, 111.296, 0, 0, 0, 1
86, 67.493, -9.389, 111.319, 0, 0, 0, 1
86, 68.495, -5.359, 111.343, 0, 0, 0, 1
86, 68.842, -1.092, 111.364, 0, 0, 0, 1
86, 68.902, -0.67, 111.386, 0, 0, 0, 1
86, 68.564, 3.453, 111.388, 0, 0, 0, 1
86, 68.509, 3.843, 111.409, 0, 0, 0, 1
86, 67.493, 7.93, 111.411, 0, 0, 0, 1
86, 65.654, 12.253, 111.432, 0, 0, 0, 1
86, 63.25, 16.132, 111.456, 0, 0, 0, 1
86, 61.281, 18.453, 111.479, 0, 0, 0, 1
86, 59.452, 20.498, 111.495, 0, 0, 0, 1
86, 58.565, 21.308, 111.509, 0, 0, 0, 1
86, 56.747, 22.706, 111.515, 0, 0, 0, 1
86, 53.961, 24.947, 111.526, 0, 0, 0, 1
86, 48.276, 28.086, 111.544, 0, 0, 0, 1
86, 43.722, 29.664, 111.577, 0, 0, 0, 1
86, 42.315, 30.169, 111.602, 0, 0, 0, 1
86, 42.054, 30.24, 111.609, 0, 0, 0, 1
86, 37.093, 31.077, 111.611, 0, 0, 0, 1
86, 35.447, 31.24, 111.636, 0, 0, 0, 1
86, 31.881, 31.216, 111.645, 0, 0, 0, 1
86, 22.655, 30.598, 111.663, 0, 0, 0, 1
86, 13.553, 28.878, 111.71, 0, 0, 0, 1
86, 10.541, 27.899, 111.757, 0, 0, 0, 1
86, 5.928, 26.705, 111.773, 0, 0, 0, 1
86, 2.242, 25.52, 111.797, 0, 0, 0, 1
86, 0.617, 24.886, 111.817, 0, 0, 0, 1
86, -0.885, 24.24, 111.826, 0, 0, 0, 1
86, -6.447, 22.236, 111.834, 0, 0, 0, 1
86, -13.56, 18.838, 111.864, 0, 0, 0, 1
86, -19.393, 15.13, 111.904, 0, 0, 0, 1
86, -21.408, 13.392, 111.939, 0, 0, 0, 1
86, -23.9, 11.222, 111.952, 0, 0, 0, 1
86, -27.057, 7.221, 111.969, 0, 0, 0, 1
87, -26.764, 3.25, 113.295, 0, 0, 0, 1
87, -27.119, 0.925, 112.018, 0, 0, 0, 1
87, -27.369, -0.729, 112.03, 0, 0, 0, 1
87, -26.763, -4.71, 112.038, 0, 0, 0, 1
87, -24.908, -8.742, 112.059, 0, 0, 0, 1
87, -21.73, -12.772, 112.082, 0, 0, 0, 1
87, -18.889, -15.247, 112.108, 0, 0, 0, 1
87, -17.193, -16.71, 112.127, 0, 0, 0, 1
87, -11.322, -20.444, 112.139, 0, 0, 0, 1
87, -4.162, -23.867, 112.174, 0, 0, 0, 1
87, -1.534, -24.815, 112.215, 0, 0, 0, 1
87, 1.504, -26.121, 112.229, 0, 0, 0, 1
87, 4.908, -27.449, 112.246, 0, 0, 0, 1
87, 6.995, -28.12, 112.265, 0, 0, 0, 1
87, 9.67, -28.812, 112.276, 0, 0, 0, 1
87, 15.006, -30.547, 112.29, 0, 0, 0, 1
87, 23.781, -32.216, 112.319, 0, 0, 0, 1
87, 24.941, -32.331, 112.365, 0, 0, 0, 1
87, 31.61, -32.779, 112.371, 0, 0, 0, 1
87, 36.265, -32.811, 112.405, 0, 0, 0, 1
87, 36.806, -32.757, 112.429, 0, 0, 0, 1
87, 42.786, -31.76, 112.431, 0, 0, 0, 1
87, 48.989, -29.61, 112.462, 0, 0, 0, 1
87, 50.842, -28.581, 112.496, 0, 0, 0, 1
87, 54.708, -26.471, 112.507, 0, 0, 0, 1
87, 54.975, -26.285, 112.529, 0, 0, 0, 1
87, 58.574, -23.518, 112.531, 0, 0, 0, 1
87, 60.968, -21.332, 112.554, 0, 0, 0, 1
87, 64.17, -17.527, 112.571, 0, 0, 0, 1
87, 66.488, -13.787, 112.596, 0, 0, 0, 1
87, 68.141, -9.88, 112.619, 0, 0, 0, 1
87, 68.387, -9.331, 112.641, 0, 0, 0, 1
87, 69.347, -5.468, 112.644, 0, 0, 0, 1
87, 69.682, -1.352, 112.664, 0, 0, 0, 1
87, 69.778, -0.67, 112.685, 0, 0, 0, 1
87, 69.454, 3.301, 112.689, 0, 0, 0, 1
87, 69.361, 3.952, 112.709, 0, 0, 0, 1
87, 68.383, 7.888, 112.712, 0, 0, 0, 1
87, 66.49, 12.325, 112.733, 0, 0, 0, 1
87, 64.172, 16.066, 112.758, 0, 0, 0, 1
87, 60.97, 19.87, 112.78, 0, 0, 0, 1
87, 58.573, 22.06, 112.806, 0, 0, 0, 1
87, 54.968, 24.831, 112.822, 0, 0, 0, 1
87, 54.704, 25.015, 112.846, 0, 0, 0, 1
87, 50.84, 27.123, 112.847, 0, 0, 0, 1
87, 48.987, 28.153, 112.87, 0, 0, 0, 1
87, 42.79, 30.3, 112.881, 0, 0, 0, 1
87, 36.81, 31.298, 112.914, 0, 0, 0, 1
87, 36.27, 31.351, 112.945, 0, 0, 0, 1
87, 31.596, 31.32, 112.948, 0, 0, 0, 1
87, 24.966, 30.875, 112.972, 0, 0, 0, 1
87, 24.303, 30.818, 113.006, 0, 0, 0, 1
87, 23.813, 30.762, 113.009, 0, 0, 0, 1
87, 15.015, 29.091, 113.012, 0, 0, 0, 1
87, 9.67, 27.353, 113.058, 0, 0, 0, 1
87, 6.996, 26.661, 113.086, 0, 0, 0, 1
87, 4.909, 25.99, 113.101, 0, 0, 0, 1
87, 1.504, 24.663, 113.112, 0, 0, 0, 1
87, -1.534, 23.356, 113.131, 0, 0, 0, 1
87, -4.162, 22.408, 113.147, 0, 0, 0, 1
87, -11.322, 18.985, 113.162, 0, 0, 0, 1
87, -17.193, 15.251, 113.202, 0, 0, 0, 1
87, -18.889, 13.788, 113.238, 0, 0, 0, 1
87, -21.73, 11.313, 113.249, 0, 0, 0, 1
87, -24.908, 7.283, 113.269, 0, 0, 0, 1
88, -24.629, 3.281, 114.595, 0, 0, 0, 1
88, -24.942, 1.23, 113.318, 0, 0, 0, 1
88, -25.238, -0.729, 113.329, 0, 0, 0, 1
88, -24.628, -4.741, 113.339, 0, 0, 0, 1
88, -22.76, -8.804, 113.36, 0, 0, 0, 1
88, -19.561, -12.863, 113.383, 0, 0, 0, 1
88, -16.37, -15.643, 113.41, 0, 0, 0, 1
88, -14.994, -16.83, 113.432, 0, 0, 0, 1
88, -9.084, -20.592, 113.441, 0, 0, 0, 1
88, -1.996, -23.983, 113.477, 0, 0, 0, 1
88, -1.787, -24.1, 113.518, 0, 0, 0, 1
88, 2.391, -25.898, 113.519, 0, 0, 0, 1
88, 7.574, -27.919, 113.542, 0, 0, 0, 1
88, 8.064, -28.076, 113.571, 0, 0, 0, 1
88, 8.798, -28.266, 113.574, 0, 0, 0, 1
88, 16.462, -30.759, 113.578, 0, 0, 0, 1
88, 21.916, -31.791, 113.619, 0, 0, 0, 1
88, 24.452, -32.298, 113.648, 0, 0, 0, 1
88, 26.635, -32.539, 113.661, 0, 0, 0, 1
88, 28.358, -32.684, 113.673, 0, 0, 0, 1
88, 31.324, -32.883, 113.682, 0, 0, 0, 1
88, 36.319, -32.92, 113.697, 0, 0, 0, 1
88, 36.948, -32.915, 113.723, 0, 0, 0, 1
88, 43.475, -31.834, 113.726, 0, 0, 0, 1
88, 49.712, -29.672, 113.76, 0, 0, 0, 1
88, 54.252, -27.185, 113.794, 0, 0, 0, 1
88, 55.099, -26.774, 113.821, 0, 0, 0, 1
88, 57.508, -25.095, 113.826, 0, 0, 0, 1
88, 58.585, -24.267, 113.841, 0, 0, 0, 1
88, 61.855, -21.32, 113.848, 0, 0, 0, 1
88, 65.093, -17.458, 113.871, 0, 0, 0, 1
88, 67.323, -13.86, 113.897, 0, 0, 0, 1
88, 68.916, -10.097, 113.918, 0, 0, 0, 1
88, 69.276, -9.29, 113.94, 0, 0, 0, 1
88, 70.199, -5.578, 113.944, 0, 0, 0, 1
88, 70.522, -1.612, 113.964, 0, 0, 0, 1
88, 70.655, -0.67, 113.984, 0, 0, 0, 1
88, 70.343, 3.149, 113.989, 0, 0, 0, 1
88, 70.213, 4.062, 114.009, 0, 0, 0, 1
88, 69.272, 7.85, 114.014, 0, 0, 0, 1
88, 67.626, 11.73, 114.034, 0, 0, 0, 1
88, 67.334, 12.383, 114.056, 0, 0, 0, 1
88, 65.095, 15.997, 114.059, 0, 0, 0, 1
88, 61.858, 19.859, 114.081, 0, 0, 0, 1
88, 58.587, 22.807, 114.107, 0, 0, 0, 1
88, 57.509, 23.636, 114.13, 0, 0, 0, 1
88, 55.067, 25.337, 114.137, 0, 0, 0, 1
88, 51.454, 27.253, 114.153, 0, 0, 0, 1
88, 49.704, 28.217, 114.174, 0, 0, 0, 1
88, 43.475, 30.375, 114.184, 0, 0, 0, 1
88, 36.954, 31.456, 114.218, 0, 0, 0, 1
88, 36.297, 31.46, 114.252, 0, 0, 0, 1
88, 31.313, 31.424, 114.255, 0, 0, 0, 1
88, 28.387, 31.228, 114.281, 0, 0, 0, 1
88, 26.21, 31.04, 114.296, 0, 0, 0, 1
88, 24.471, 30.841, 114.308, 0, 0, 0, 1
88, 21.916, 30.332, 114.317, 0, 0, 0, 1
88, 16.475, 29.304, 114.33, 0, 0, 0, 1
88, 8.798, 26.807, 114.359, 0, 0, 0, 1
88, 8.064, 26.617, 114.4, 0, 0, 0, 1
88, 7.575, 26.46, 114.404, 0, 0, 0, 1
88, 2.39, 24.439, 114.407, 0, 0, 0, 1
88, -1.787, 22.642, 114.436, 0, 0, 0, 1
88, -1.996, 22.524, 114.459, 0, 0, 0, 1
88, -9.084, 19.133, 114.46, 0, 0, 0, 1
88, -14.994, 15.371, 114.501, 0, 0, 0, 1
88, -16.37, 14.184, 114.537, 0, 0, 0, 1
88, -19.561, 11.405, 114.546, 0, 0, 0, 1
88, -22.76, 7.345, 114.568, 0, 0, 0, 1
89, -22.494, 3.312, 115.895, 0, 0, 0, 1
89, -22.765, 1.535, 114.618, 0, 0, 0, 1
89, -23.108, -0.729, 114.628, 0, 0, 0, 1
89, -22.494, -4.772, 114.64, 0, 0, 0, 1
89, -20.612, -8.866, 114.661, 0, 0, 0, 1
89, -17.392, -12.955, 114.684, 0, 0, 0, 1
89, -13.851, -16.039, 114.712, 0, 0, 0, 1
89, -12.794, -16.95, 114.736, 0, 0, 0, 1
89, -6.846, -20.739, 114.743, 0, 0, 0, 1
89, -2.644, -22.75, 114.78, 0, 0, 0, 1
89, 0.246, -24.37, 114.804, 0, 0, 0, 1
89, 3.277, -25.674, 114.821, 0, 0, 0, 1
89, 8.168, -27.581, 114.839, 0, 0, 0, 1
89, 9.532, -28.245, 114.866, 0, 0, 0, 1
89, 17.919, -30.971, 114.874, 0, 0, 0, 1
89, 20.778, -31.512, 114.92, 0, 0, 0, 1
89, 25.106, -32.377, 114.935, 0, 0, 0, 1
89, 28.106, -32.72, 114.958, 0, 0, 0, 1
89, 31.231, -32.991, 114.974, 0, 0, 0, 1
89, 35.51, -33.023, 114.99, 0, 0, 0, 1
89, 37.61, -33.001, 115.012, 0, 0, 0, 1
89, 41.288, -32.398, 115.023, 0, 0, 0, 1
89, 44.16, -31.91, 115.043, 0, 0, 0, 1
89, 50.466, -29.725, 115.058, 0, 0, 0, 1
89, 53.807, -27.903, 115.092, 0, 0, 0, 1
89, 55.452, -27.103, 115.112, 0, 0, 0, 1
89, 59.146, -24.541, 115.122, 0, 0, 0, 1
89, 62.684, -21.367, 115.145, 0, 0, 0, 1
89, 66.017, -17.388, 115.17, 0, 0, 0, 1
89, 68.159, -13.932, 115.197, 0, 0, 0, 1
89, 69.69, -10.313, 115.218, 0, 0, 0, 1
89, 70.166, -9.249, 115.239, 0, 0, 0, 1
89, 71.051, -5.687, 115.245, 0, 0, 0, 1
89, 71.362, -1.872, 115.264, 0, 0, 0, 1
89, 71.532, -0.67, 115.284, 0, 0, 0, 1
89, 71.232, 2.997, 115.29, 0, 0, 0, 1
89, 71.066, 4.171, 115.309, 0, 0, 0, 1
89, 70.161, 7.809, 115.315, 0, 0, 0, 1
89, 68.579, 11.539, 115.335, 0, 0, 0, 1
89, 68.17, 12.455, 115.356, 0, 0, 0, 1
89, 66.019, 15.927, 115.361, 0, 0, 0, 1
89, 62.686, 19.907, 115.382, 0, 0, 0, 1
89, 59.148, 23.08, 115.409, 0, 0, 0, 1
89, 55.422, 25.665, 115.434, 0, 0, 0, 1
89, 51.801, 27.585, 115.458, 0, 0, 0, 1
89, 50.484, 28.261, 115.479, 0, 0, 0, 1
89, 44.159, 30.451, 115.487, 0, 0, 0, 1
89, 37.61, 31.542, 115.522, 0, 0, 0, 1
89, 35.516, 31.564, 115.556, 0, 0, 0, 1
89, 31.229, 31.532, 115.567, 0, 0, 0, 1
89, 28.118, 31.263, 115.59, 0, 0, 0, 1
89, 25.12, 30.92, 115.606, 0, 0, 0, 1
89, 20.777, 30.053, 115.621, 0, 0, 0, 1
89, 17.936, 29.517, 115.645, 0, 0, 0, 1
89, 9.535, 26.787, 115.66, 0, 0, 0, 1
89, 8.168, 26.122, 115.706, 0, 0, 0, 1
89, 3.277, 24.215, 115.713, 0, 0, 0, 1
89, 0.247, 22.911, 115.741, 0, 0, 0, 1
89, -2.644, 21.291, 115.758, 0, 0, 0, 1
89, -6.846, 19.28, 115.775, 0, 0, 0, 1
89, -12.794, 15.492, 115.799, 0, 0, 0, 1
89, -13.851, 14.58, 115.836, 0, 0, 0, 1
89, -17.392, 11.496, 115.843, 0, 0, 0, 1
89, -20.612, 7.407, 115.868, 0, 0, 0, 1
90, -20.359, 3.343, 117.195, 0, 0, 0, 1
90, -20.588, 1.84, 115.919, 0, 0, 0, 1
90, -20.977, -0.729, 115.927, 0, 0, 0, 1
90, -20.359, -4.803, 115.94, 0, 0, 0, 1
90, -18.464, -8.928, 115.962, 0, 0, 0, 1
90, -15.222, -13.046, 115.986, 0, 0, 0, 1
90, -11.332, -16.435, 116.013, 0, 0, 0, 1
90, -10.595, -17.071, 116.041, 0, 0, 0, 1
90, -4.608, -20.887, 116.046, 0, 0, 0, 1
90, -3.292, -21.516, 116.083, 0, 0, 0, 1
90, 2.279, -24.639, 116.091, 0, 0, 0, 1
90, 4.164, -25.45, 116.124, 0, 0, 0, 1
90, 7.297, -26.671, 116.135, 0, 0, 0, 1
90, 10.932, -28.442, 116.153, 0, 0, 0, 1
90, 19.385, -31.186, 116.174, 0, 0, 0, 1
90, 25.755, -32.455, 116.22, 0, 0, 0, 1
90, 30.023, -32.944, 116.255, 0, 0, 0, 1
90, 31.903, -33.113, 116.277, 0, 0, 0, 1
90, 34.497, -33.126, 116.287, 0, 0, 0, 1
90, 38.271, -33.087, 116.301, 0, 0, 0, 1
90, 44.856, -31.983, 116.32, 0, 0, 0, 1
90, 49.952, -30.246, 116.355, 0, 0, 0, 1
90, 51.244, -29.775, 116.384, 0, 0, 0, 1
90, 53.36, -28.621, 116.391, 0, 0, 0, 1
90, 55.806, -27.432, 116.404, 0, 0, 0, 1
90, 60.119, -24.458, 116.418, 0, 0, 0, 1
90, 63.511, -21.416, 116.445, 0, 0, 0, 1
90, 66.941, -17.318, 116.469, 0, 0, 0, 1
90, 68.995, -14.005, 116.497, 0, 0, 0, 1
90, 70.465, -10.53, 116.518, 0, 0, 0, 1
90, 71.055, -9.209, 116.538, 0, 0, 0, 1
90, 71.904, -5.797, 116.545, 0, 0, 0, 1
90, 72.202, -2.132, 116.564, 0, 0, 0, 1
90, 72.409, -0.67, 116.583, 0, 0, 0, 1
90, 72.122, 2.845, 116.591, 0, 0, 0, 1
90, 71.918, 4.28, 116.609, 0, 0, 0, 1
90, 71.05, 7.769, 116.617, 0, 0, 0, 1
90, 69.532, 11.349, 116.636, 0, 0, 0, 1
90, 69.005, 12.528, 116.656, 0, 0, 0, 1
90, 66.943, 15.857, 116.663, 0, 0, 0, 1
90, 63.513, 19.956, 116.684, 0, 0, 0, 1
90, 60.122, 22.998, 116.712, 0, 0, 0, 1
90, 55.789, 25.985, 116.736, 0, 0, 0, 1
90, 51.264, 28.309, 116.763, 0, 0, 0, 1
90, 49.948, 28.789, 116.79, 0, 0, 0, 1
90, 44.848, 30.526, 116.797, 0, 0, 0, 1
90, 38.269, 31.628, 116.825, 0, 0, 0, 1
90, 34.502, 31.667, 116.861, 0, 0, 0, 1
90, 31.901, 31.654, 116.88, 0, 0, 0, 1
90, 30.029, 31.486, 116.894, 0, 0, 0, 1
90, 25.768, 30.998, 116.904, 0, 0, 0, 1
90, 19.406, 29.733, 116.926, 0, 0, 0, 1
90, 10.938, 26.985, 116.96, 0, 0, 0, 1
90, 7.296, 25.212, 117.007, 0, 0, 0, 1
90, 4.164, 23.991, 117.028, 0, 0, 0, 1
90, 2.279, 23.18, 117.046, 0, 0, 0, 1
90, -3.292, 20.058, 117.057, 0, 0, 0, 1
90, -4.608, 19.428, 117.09, 0, 0, 0, 1
90, -10.595, 15.612, 117.098, 0, 0, 0, 1
90, -11.332, 14.976, 117.135, 0, 0, 0, 1
90, -15.222, 11.588, 117.14, 0, 0, 0, 1
90, -18.464, 7.469, 117.167, 0, 0, 0, 1
91, -18.224, 3.375, 118.495, 0, 0, 0, 1
91, -18.412, 2.145, 117.219, 0, 0, 0, 1
91, -18.847, -0.729, 117.226, 0, 0, 0, 1
91, -18.224, -4.834, 117.241, 0, 0, 0, 1
91, -16.316, -8.99, 117.263, 0, 0, 0, 1
91, -13.053, -13.138, 117.287, 0, 0, 0, 1
91, -8.815, -16.83, 117.315, 0, 0, 0, 1
91, -8.396, -17.191, 117.345, 0, 0, 0, 1
91, -3.717, -20.175, 117.348, 0, 0, 0, 1
91, -2.56, -21.056, 117.377, 0, 0, 0, 1
91, 4.312, -24.908, 117.385, 0, 0, 0, 1
91, 5.051, -25.226, 117.427, 0, 0, 0, 1
91, 6.425, -25.762, 117.431, 0, 0, 0, 1
91, 12.332, -28.638, 117.439, 0, 0, 0, 1
91, 18.762, -30.726, 117.474, 0, 0, 0, 1
91, 20.237, -31.25, 117.509, 0, 0, 0, 1
91, 21.31, -31.515, 117.518, 0, 0, 0, 1
91, 26.406, -32.533, 117.524, 0, 0, 0, 1
91, 31.943, -33.168, 117.551, 0, 0, 0, 1
91, 32.576, -33.228, 117.581, 0, 0, 0, 1
91, 33.483, -33.229, 117.584, 0, 0, 0, 1
91, 38.935, -33.172, 117.589, 0, 0, 0, 1
91, 45.292, -32.107, 117.618, 0, 0, 0, 1
91, 45.841, -31.974, 117.652, 0, 0, 0, 1
91, 49.753, -30.649, 117.655, 0, 0, 0, 1
91, 52.037, -29.817, 117.677, 0, 0, 0, 1
91, 52.913, -29.339, 117.69, 0, 0, 0, 1
91, 54.092, -28.766, 117.695, 0, 0, 0, 1
91, 56.582, -27.493, 117.702, 0, 0, 0, 1
91, 60.365, -24.895, 117.717, 0, 0, 0, 1
91, 61.08, -24.387, 117.741, 0, 0, 0, 1
91, 64.338, -21.465, 117.745, 0, 0, 0, 1
91, 67.865, -17.248, 117.769, 0, 0, 0, 1
91, 69.83, -14.077, 117.798, 0, 0, 0, 1
91, 71.24, -10.747, 117.818, 0, 0, 0, 1
91, 71.945, -9.168, 117.837, 0, 0, 0, 1
91, 72.756, -5.906, 117.846, 0, 0, 0, 1
91, 73.042, -2.393, 117.864, 0, 0, 0, 1
91, 73.286, -0.67, 117.882, 0, 0, 0, 1
91, 73.011, 2.693, 117.892, 0, 0, 0, 1
91, 72.77, 4.39, 117.909, 0, 0, 0, 1
91, 71.94, 7.728, 117.918, 0, 0, 0, 1
91, 70.485, 11.158, 117.937, 0, 0, 0, 1
91, 69.841, 12.601, 117.956, 0, 0, 0, 1
91, 67.866, 15.787, 117.965, 0, 0, 0, 1
91, 64.34, 20.004, 117.985, 0, 0, 0, 1
91, 61.092, 22.918, 118.014, 0, 0, 0, 1
91, 56.581, 26.034, 118.037, 0, 0, 0, 1
91, 52.061, 28.35, 118.066, 0, 0, 0, 1
91, 49.751, 29.192, 118.093, 0, 0, 0, 1
91, 45.832, 30.517, 118.106, 0, 0, 0, 1
91, 45.285, 30.65, 118.128, 0, 0, 0, 1
91, 38.929, 31.714, 118.131, 0, 0, 0, 1
91, 33.489, 31.77, 118.165, 0, 0, 0, 1
91, 32.575, 31.768, 118.194, 0, 0, 0, 1
91, 31.94, 31.709, 118.198, 0, 0, 0, 1
91, 26.418, 31.076, 118.202, 0, 0, 0, 1
91, 21.334, 30.062, 118.231, 0, 0, 0, 1
91, 20.251, 29.794, 118.259, 0, 0, 0, 1
91, 18.761, 29.266, 118.265, 0, 0, 0, 1
91, 12.341, 27.183, 118.273, 0, 0, 0, 1
91, 6.425, 24.303, 118.309, 0, 0, 0, 1
91, 5.051, 23.767, 118.344, 0, 0, 0, 1
91, 4.313, 23.45, 118.351, 0, 0, 0, 1
91, -2.56, 19.597, 118.356, 0, 0, 0, 1
91, -3.717, 18.716, 118.397, 0, 0, 0, 1
91, -8.392, 15.735, 118.405, 0, 0, 0, 1
91, -13.053, 11.679, 118.434, 0, 0, 0, 1
91, -16.316, 7.531, 118.467, 0, 0, 0, 1
92, -16.089, 3.406, 119.795, 0, 0, 0, 1
92, -16.235, 2.45, 118.52, 0, 0, 0, 1
92, -16.716, -0.729, 118.525, 0, 0, 0, 1
92, -16.089, -4.865, 118.542, 0, 0, 0, 1
92, -14.168, -9.052, 118.564, 0, 0, 0, 1
92, -10.884, -13.229, 118.589, 0, 0, 0, 1
92, -6.294, -17.227, 118.617, 0, 0, 0, 1
92, -6.196, -17.311, 118.65, 0, 0, 0, 1
92, -4.365, -18.479, 118.65, 0, 0, 0, 1
92, -0.924, -21.1, 118.662, 0, 0, 0, 1
92, 5.812, -24.878, 118.685, 0, 0, 0, 1
92, 6.305, -25.22, 118.726, 0, 0, 0, 1
92, 13.732, -28.835, 118.73, 0, 0, 0, 1
92, 17.623, -30.098, 118.774, 0, 0, 0, 1
92, 20.904, -31.263, 118.795, 0, 0, 0, 1
92, 23.395, -31.88, 118.814, 0, 0, 0, 1
92, 27.056, -32.611, 118.828, 0, 0, 0, 1
92, 33.259, -33.323, 118.848, 0, 0, 0, 1
92, 39.599, -33.258, 118.881, 0, 0, 0, 1
92, 45.386, -32.293, 118.915, 0, 0, 0, 1
92, 47.16, -31.863, 118.946, 0, 0, 0, 1
92, 49.552, -31.053, 118.956, 0, 0, 0, 1
92, 52.902, -29.827, 118.969, 0, 0, 0, 1
92, 57.392, -27.53, 118.989, 0, 0, 0, 1
92, 61.013, -25.044, 119.015, 0, 0, 0, 1
92, 62.051, -24.306, 119.039, 0, 0, 0, 1
92, 65.165, -21.514, 119.046, 0, 0, 0, 1
92, 68.789, -17.178, 119.068, 0, 0, 0, 1
92, 70.666, -14.149, 119.098, 0, 0, 0, 1
92, 72.014, -10.963, 119.117, 0, 0, 0, 1
92, 72.834, -9.128, 119.136, 0, 0, 0, 1
92, 73.608, -6.015, 119.146, 0, 0, 0, 1
92, 73.881, -2.653, 119.164, 0, 0, 0, 1
92, 74.163, -0.67, 119.182, 0, 0, 0, 1
92, 73.9, 2.541, 119.192, 0, 0, 0, 1
92, 73.622, 4.499, 119.209, 0, 0, 0, 1
92, 72.829, 7.688, 119.22, 0, 0, 0, 1
92, 71.438, 10.968, 119.238, 0, 0, 0, 1
92, 70.677, 12.673, 119.257, 0, 0, 0, 1
92, 68.79, 15.717, 119.267, 0, 0, 0, 1
92, 65.166, 20.053, 119.286, 0, 0, 0, 1
92, 62.062, 22.838, 119.316, 0, 0, 0, 1
92, 57.391, 26.072, 119.338, 0, 0, 0, 1
92, 52.904, 28.367, 119.368, 0, 0, 0, 1
92, 49.551, 29.595, 119.395, 0, 0, 0, 1
92, 47.155, 30.406, 119.414, 0, 0, 0, 1
92, 45.381, 30.835, 119.428, 0, 0, 0, 1
92, 39.59, 31.8, 119.438, 0, 0, 0, 1
92, 33.258, 31.864, 119.469, 0, 0, 0, 1
92, 27.067, 31.154, 119.503, 0, 0, 0, 1
92, 23.416, 30.426, 119.536, 0, 0, 0, 1
92, 20.916, 29.808, 119.556, 0, 0, 0, 1
92, 17.622, 28.639, 119.57, 0, 0, 0, 1
92, 13.744, 27.381, 119.588, 0, 0, 0, 1
92, 6.305, 23.761, 119.61, 0, 0, 0, 1
92, 5.812, 23.419, 119.654, 0, 0, 0, 1
92, -0.924, 19.641, 119.658, 0, 0, 0, 1
92, -4.365, 17.02, 119.699, 0, 0, 0, 1
92, -6.193, 15.855, 119.722, 0, 0, 0, 1
92, -10.884, 11.77, 119.733, 0, 0, 0, 1
92, -14.168, 7.593, 119.767, 0, 0, 0, 1
93, -13.954, 3.438, 121.095, 0, 0, 0, 1
93, -14.586, -0.729, 119.82, 0, 0, 0, 1
93, -13.954, -4.896, 119.843, 0, 0, 0, 1
93, -12.02, -9.114, 119.865, 0, 0, 0, 1
93, -8.915, -13.068, 119.89, 0, 0, 0, 1
93, -8.718, -13.318, 119.917, 0, 0, 0, 1
93, -4.774, -16.753, 119.919, 0, 0, 0, 1
93, -4.113, -17.448, 119.947, 0, 0, 0, 1
93, -3.331, -18.065, 119.952, 0, 0, 0, 1
93, 0.711, -21.144, 119.958, 0, 0, 0, 1
93, 4.94, -23.516, 119.985, 0, 0, 0, 1
93, 7.649, -25.396, 120.011, 0, 0, 0, 1
93, 15.132, -29.032, 120.029, 0, 0, 0, 1
93, 16.484, -29.471, 120.074, 0, 0, 0, 1
93, 21.57, -31.277, 120.081, 0, 0, 0, 1
93, 25.481, -32.245, 120.11, 0, 0, 0, 1
93, 27.706, -32.69, 120.132, 0, 0, 0, 1
93, 33.936, -33.406, 120.144, 0, 0, 0, 1
93, 40.17, -33.33, 120.178, 0, 0, 0, 1
93, 40.872, -33.246, 120.212, 0, 0, 0, 1
93, 45.48, -32.479, 120.215, 0, 0, 0, 1
93, 48.479, -31.752, 120.241, 0, 0, 0, 1
93, 49.353, -31.457, 120.257, 0, 0, 0, 1
93, 50.439, -31.061, 120.262, 0, 0, 0, 1
93, 53.912, -29.762, 120.268, 0, 0, 0, 1
93, 58.203, -27.568, 120.288, 0, 0, 0, 1
93, 61.66, -25.194, 120.314, 0, 0, 0, 1
93, 63.022, -24.226, 120.337, 0, 0, 0, 1
93, 65.992, -21.562, 120.346, 0, 0, 0, 1
93, 69.713, -17.107, 120.367, 0, 0, 0, 1
93, 71.502, -14.222, 120.399, 0, 0, 0, 1
93, 72.789, -11.18, 120.417, 0, 0, 0, 1
93, 73.724, -9.087, 120.435, 0, 0, 0, 1
93, 74.46, -6.125, 120.447, 0, 0, 0, 1
93, 74.721, -2.913, 120.463, 0, 0, 0, 1
93, 75.04, -0.67, 120.481, 0, 0, 0, 1
93, 74.789, 2.389, 120.493, 0, 0, 0, 1
93, 74.475, 4.608, 120.509, 0, 0, 0, 1
93, 73.719, 7.647, 120.522, 0, 0, 0, 1
93, 72.392, 10.777, 120.538, 0, 0, 0, 1
93, 71.512, 12.746, 120.557, 0, 0, 0, 1
93, 69.714, 15.647, 120.568, 0, 0, 0, 1
93, 65.993, 20.102, 120.587, 0, 0, 0, 1
93, 63.035, 22.756, 120.618, 0, 0, 0, 1
93, 59.102, 25.468, 120.639, 0, 0, 0, 1
93, 58.19, 26.115, 120.665, 0, 0, 0, 1
93, 53.913, 28.303, 120.671, 0, 0, 0, 1
93, 50.437, 29.603, 120.697, 0, 0, 0, 1
93, 49.353, 29.998, 120.717, 0, 0, 0, 1
93, 48.478, 30.294, 120.723, 0, 0, 0, 1
93, 45.476, 31.021, 120.728, 0, 0, 0, 1
93, 40.86, 31.788, 120.745, 0, 0, 0, 1
93, 40.161, 31.872, 120.77, 0, 0, 0, 1
93, 33.935, 31.947, 120.774, 0, 0, 0, 1
93, 27.716, 31.233, 120.807, 0, 0, 0, 1
93, 25.499, 30.791, 120.841, 0, 0, 0, 1
93, 21.582, 29.821, 120.853, 0, 0, 0, 1
93, 16.483, 28.013, 120.875, 0, 0, 0, 1
93, 15.146, 27.579, 120.904, 0, 0, 0, 1
93, 7.652, 23.939, 120.911, 0, 0, 0, 1
93, 4.94, 22.057, 120.956, 0, 0, 0, 1
93, 0.712, 19.686, 120.974, 0, 0, 0, 1
93, -3.33, 16.607, 121.0, 0, 0, 0, 1
93, -4.113, 15.989, 121.028, 0, 0, 0, 1
93, -4.774, 15.294, 121.033, 0, 0, 0, 1
93, -8.714, 11.862, 121.038, 0, 0, 0, 1
93, -12.02, 7.655, 121.066, 0, 0, 0, 1
94, -11.819, 3.469, 122.395, 0, 0, 0, 1
94, -12.455, -0.729, 121.12, 0, 0, 0, 1
94, -11.819, -4.928, 121.143, 0, 0, 0, 1
94, -9.872, -9.175, 121.166, 0, 0, 0, 1
94, -6.545, -13.412, 121.192, 0, 0, 0, 1
94, -5.423, -14.39, 121.221, 0, 0, 0, 1
94, -2.71, -17.243, 121.229, 0, 0, 0, 1
94, 0.754, -19.975, 121.25, 0, 0, 0, 1
94, 2.347, -21.189, 121.274, 0, 0, 0, 1
94, 4.068, -22.154, 121.285, 0, 0, 0, 1
94, 8.993, -25.572, 121.296, 0, 0, 0, 1
94, 15.612, -28.785, 121.328, 0, 0, 0, 1
94, 16.33, -29.171, 121.368, 0, 0, 0, 1
94, 16.828, -29.37, 121.373, 0, 0, 0, 1
94, 22.237, -31.291, 121.376, 0, 0, 0, 1
94, 27.566, -32.61, 121.407, 0, 0, 0, 1
94, 28.356, -32.768, 121.437, 0, 0, 0, 1
94, 34.616, -33.489, 121.441, 0, 0, 0, 1
94, 35.608, -33.479, 121.475, 0, 0, 0, 1
94, 39.674, -33.377, 121.481, 0, 0, 0, 1
94, 40.62, -33.39, 121.503, 0, 0, 0, 1
94, 42.783, -33.129, 121.508, 0, 0, 0, 1
94, 45.574, -32.665, 121.52, 0, 0, 0, 1
94, 49.572, -31.699, 121.535, 0, 0, 0, 1
94, 54.927, -29.695, 121.557, 0, 0, 0, 1
94, 59.013, -27.605, 121.588, 0, 0, 0, 1
94, 62.308, -25.343, 121.613, 0, 0, 0, 1
94, 63.994, -24.145, 121.635, 0, 0, 0, 1
94, 66.821, -21.609, 121.646, 0, 0, 0, 1
94, 69.048, -18.958, 121.667, 0, 0, 0, 1
94, 70.635, -17.041, 121.686, 0, 0, 0, 1
94, 72.337, -14.294, 121.699, 0, 0, 0, 1
94, 73.564, -11.396, 121.717, 0, 0, 0, 1
94, 74.613, -9.047, 121.734, 0, 0, 0, 1
94, 75.313, -6.234, 121.748, 0, 0, 0, 1
94, 75.561, -3.173, 121.763, 0, 0, 0, 1
94, 75.916, -0.67, 121.78, 0, 0, 0, 1
94, 75.679, 2.236, 121.794, 0, 0, 0, 1
94, 75.327, 4.718, 121.81, 0, 0, 0, 1
94, 74.608, 7.607, 121.823, 0, 0, 0, 1
94, 73.345, 10.587, 121.839, 0, 0, 0, 1
94, 72.348, 12.819, 121.857, 0, 0, 0, 1
94, 70.638, 15.578, 121.87, 0, 0, 0, 1
94, 66.82, 20.151, 121.888, 0, 0, 0, 1
94, 64.005, 22.676, 121.92, 0, 0, 0, 1
94, 60.256, 25.261, 121.941, 0, 0, 0, 1
94, 59.0, 26.153, 121.965, 0, 0, 0, 1
94, 54.929, 28.236, 121.974, 0, 0, 0, 1
94, 49.573, 30.24, 121.998, 0, 0, 0, 1
94, 45.572, 31.206, 122.029, 0, 0, 0, 1
94, 42.776, 31.671, 122.052, 0, 0, 0, 1
94, 40.583, 31.935, 122.067, 0, 0, 0, 1
94, 34.61, 32.03, 122.079, 0, 0, 0, 1
94, 28.366, 31.311, 122.112, 0, 0, 0, 1
94, 27.582, 31.155, 122.146, 0, 0, 0, 1
94, 22.247, 29.835, 122.15, 0, 0, 0, 1
94, 16.848, 27.919, 122.18, 0, 0, 0, 1
94, 16.341, 27.717, 122.211, 0, 0, 0, 1
94, 15.612, 27.325, 122.214, 0, 0, 0, 1
94, 8.999, 24.116, 122.218, 0, 0, 0, 1
94, 4.068, 20.695, 122.258, 0, 0, 0, 1
94, 2.347, 19.73, 122.291, 0, 0, 0, 1
94, 0.754, 18.516, 122.302, 0, 0, 0, 1
94, -2.71, 15.784, 122.312, 0, 0, 0, 1
94, -5.423, 12.931, 122.336, 0, 0, 0, 1
94, -6.545, 11.954, 122.358, 0, 0, 0, 1
94, -9.872, 7.717, 122.366, 0, 0, 0, 1
95, -9.684, 3.5, 123.695, 0, 0, 0, 1
95, -10.324, -0.729, 122.421, 0, 0, 0, 1
95, -9.684, -4.959, 122.444, 0, 0, 0, 1
95, -7.725, -9.237, 122.468, 0, 0, 0, 1
95, -5.827, -11.654, 122.493, 0, 0, 0, 1
95, -4.723, -13.357, 122.51, 0, 0, 0, 1
95, -4.01, -14.195, 122.521, 0, 0, 0, 1
95, -1.307, -17.037, 122.527, 0, 0, 0, 1
95, 3.463, -20.8, 122.549, 0, 0, 0, 1
95, 4.065, -21.397, 122.582, 0, 0, 0, 1
95, 10.338, -25.748, 122.586, 0, 0, 0, 1
95, 14.473, -27.756, 122.628, 0, 0, 0, 1
95, 17.027, -29.13, 122.653, 0, 0, 0, 1
95, 19.026, -29.927, 122.669, 0, 0, 0, 1
95, 22.902, -31.304, 122.681, 0, 0, 0, 1
95, 29.142, -32.842, 122.703, 0, 0, 0, 1
95, 35.28, -33.535, 122.739, 0, 0, 0, 1
95, 39.437, -33.43, 122.772, 0, 0, 0, 1
95, 41.045, -33.452, 122.795, 0, 0, 0, 1
95, 44.695, -33.012, 122.804, 0, 0, 0, 1
95, 45.669, -32.85, 122.824, 0, 0, 0, 1
95, 50.341, -31.728, 122.829, 0, 0, 0, 1
95, 54.545, -30.164, 122.856, 0, 0, 0, 1
95, 55.936, -29.631, 122.88, 0, 0, 0, 1
95, 59.824, -27.643, 122.888, 0, 0, 0, 1
95, 62.956, -25.492, 122.912, 0, 0, 0, 1
95, 64.965, -24.064, 122.933, 0, 0, 0, 1
95, 67.649, -21.657, 122.946, 0, 0, 0, 1
95, 69.765, -19.137, 122.966, 0, 0, 0, 1
95, 71.559, -16.97, 122.984, 0, 0, 0, 1
95, 73.173, -14.367, 123.0, 0, 0, 0, 1
95, 74.338, -11.613, 123.016, 0, 0, 0, 1
95, 75.503, -9.006, 123.033, 0, 0, 0, 1
95, 76.165, -6.343, 123.048, 0, 0, 0, 1
95, 76.401, -3.434, 123.063, 0, 0, 0, 1
95, 76.793, -0.67, 123.079, 0, 0, 0, 1
95, 76.568, 2.084, 123.094, 0, 0, 0, 1
95, 76.179, 4.827, 123.11, 0, 0, 0, 1
95, 75.498, 7.566, 123.125, 0, 0, 0, 1
95, 74.298, 10.396, 123.14, 0, 0, 0, 1
95, 73.183, 12.891, 123.157, 0, 0, 0, 1
95, 71.562, 15.508, 123.172, 0, 0, 0, 1
95, 67.647, 20.2, 123.189, 0, 0, 0, 1
95, 64.977, 22.596, 123.222, 0, 0, 0, 1
95, 61.41, 25.054, 123.242, 0, 0, 0, 1
95, 59.811, 26.191, 123.265, 0, 0, 0, 1
95, 55.943, 28.169, 123.276, 0, 0, 0, 1
95, 50.34, 30.27, 123.3, 0, 0, 0, 1
95, 45.668, 31.392, 123.333, 0, 0, 0, 1
95, 44.693, 31.554, 123.359, 0, 0, 0, 1
95, 41.008, 31.998, 123.364, 0, 0, 0, 1
95, 36.239, 32.08, 123.385, 0, 0, 0, 1
95, 35.305, 32.08, 123.411, 0, 0, 0, 1
95, 29.151, 31.385, 123.416, 0, 0, 0, 1
95, 22.912, 29.848, 123.45, 0, 0, 0, 1
95, 19.044, 28.476, 123.485, 0, 0, 0, 1
95, 17.038, 27.676, 123.507, 0, 0, 0, 1
95, 14.473, 26.297, 123.519, 0, 0, 0, 1
95, 10.346, 24.294, 123.535, 0, 0, 0, 1
95, 4.065, 19.939, 123.56, 0, 0, 0, 1
95, 3.463, 19.341, 123.602, 0, 0, 0, 1
95, -1.307, 15.578, 123.606, 0, 0, 0, 1
95, -4.01, 12.736, 123.64, 0, 0, 0, 1
95, -4.723, 11.898, 123.661, 0, 0, 0, 1
95, -5.827, 10.196, 123.667, 0, 0, 0, 1
95, -7.725, 7.778, 123.678, 0, 0, 0, 1
96, -6.258, 6.351, 124.995, 0, 0, 0, 1
96, -7.549, 3.531, 123.704, 0, 0, 0, 1
96, -8.194, -0.729, 123.721, 0, 0, 0, 1
96, -7.549, -4.99, 123.745, 0, 0, 0, 1
96, -6.258, -7.81, 123.768, 0, 0, 0, 1
96, -5.693, -9.296, 123.785, 0, 0, 0, 1
96, -5.567, -9.555, 123.794, 0, 0, 0, 1
96, -3.418, -12.869, 123.796, 0, 0, 0, 1
96, -1.259, -15.407, 123.817, 0, 0, 0, 1
96, 0.096, -16.832, 123.836, 0, 0, 0, 1
96, 2.591, -18.8, 123.847, 0, 0, 0, 1
96, 5.357, -21.547, 123.864, 0, 0, 0, 1
96, 11.682, -25.925, 123.886, 0, 0, 0, 1
96, 13.334, -26.727, 123.928, 0, 0, 0, 1
96, 17.724, -29.088, 123.938, 0, 0, 0, 1
96, 21.225, -30.485, 123.965, 0, 0, 0, 1
96, 23.569, -31.317, 123.986, 0, 0, 0, 1
96, 29.339, -32.739, 124.0, 0, 0, 0, 1
96, 30.028, -32.892, 124.033, 0, 0, 0, 1
96, 35.963, -33.565, 124.037, 0, 0, 0, 1
96, 39.201, -33.483, 124.069, 0, 0, 0, 1
96, 41.469, -33.515, 124.087, 0, 0, 0, 1
96, 46.063, -32.96, 124.1, 0, 0, 0, 1
96, 51.11, -31.758, 124.125, 0, 0, 0, 1
96, 55.094, -30.275, 124.154, 0, 0, 0, 1
96, 56.952, -29.564, 124.177, 0, 0, 0, 1
96, 60.634, -27.68, 124.188, 0, 0, 0, 1
96, 63.603, -25.642, 124.211, 0, 0, 0, 1
96, 65.936, -23.984, 124.231, 0, 0, 0, 1
96, 68.476, -21.706, 124.247, 0, 0, 0, 1
96, 70.481, -19.318, 124.265, 0, 0, 0, 1
96, 72.483, -16.9, 124.282, 0, 0, 0, 1
96, 74.009, -14.439, 124.3, 0, 0, 0, 1
96, 75.113, -11.83, 124.316, 0, 0, 0, 1
96, 76.392, -8.966, 124.331, 0, 0, 0, 1
96, 77.017, -6.453, 124.349, 0, 0, 0, 1
96, 77.241, -3.694, 124.363, 0, 0, 0, 1
96, 77.67, -0.67, 124.378, 0, 0, 0, 1
96, 77.457, 1.932, 124.395, 0, 0, 0, 1
96, 77.031, 4.936, 124.409, 0, 0, 0, 1
96, 76.387, 7.526, 124.426, 0, 0, 0, 1
96, 75.251, 10.206, 124.441, 0, 0, 0, 1
96, 74.019, 12.964, 124.457, 0, 0, 0, 1
96, 72.487, 15.435, 124.473, 0, 0, 0, 1
96, 70.311, 18.03, 124.489, 0, 0, 0, 1
96, 68.471, 20.251, 124.508, 0, 0, 0, 1
96, 65.947, 22.515, 124.524, 0, 0, 0, 1
96, 62.564, 24.848, 124.543, 0, 0, 0, 1
96, 60.621, 26.228, 124.565, 0, 0, 0, 1
96, 56.958, 28.102, 124.578, 0, 0, 0, 1
96, 51.107, 30.3, 124.601, 0, 0, 0, 1
96, 46.063, 31.501, 124.635, 0, 0, 0, 1
96, 41.435, 32.06, 124.664, 0, 0, 0, 1
96, 38.543, 32.11, 124.69, 0, 0, 0, 1
96, 35.988, 32.11, 124.705, 0, 0, 0, 1
96, 30.052, 31.436, 124.72, 0, 0, 0, 1
96, 26.924, 30.69, 124.752, 0, 0, 0, 1
96, 23.579, 29.862, 124.77, 0, 0, 0, 1
96, 21.241, 29.032, 124.789, 0, 0, 0, 1
96, 17.734, 27.634, 124.803, 0, 0, 0, 1
96, 13.334, 25.268, 124.824, 0, 0, 0, 1
96, 11.692, 24.472, 124.851, 0, 0, 0, 1
96, 5.36, 20.09, 124.861, 0, 0, 0, 1
96, 2.591, 17.341, 124.904, 0, 0, 0, 1
96, 0.096, 15.373, 124.925, 0, 0, 0, 1
96, -1.259, 13.948, 124.942, 0, 0, 0, 1
96, -3.418, 11.41, 124.953, 0, 0, 0, 1
96, -5.567, 8.096, 124.972, 0, 0, 0, 1
96, -5.693, 7.837, 124.993, 0, 0, 0, 1
97, -5.574, 3.809, 126.295, 0, 0, 0, 1
97, -6.141, -0.559, 125.014, 0, 0, 0, 1
97, -6.172, -0.756, 125.038, 0, 0, 0, 1
97, -5.675, -4.661, 125.039, 0, 0, 0, 1
97, -5.583, -5.243, 125.061, 0, 0, 0, 1
97, -4.357, -8.47, 125.065, 0, 0, 0, 1
97, -3.471, -10.288, 125.084, 0, 0, 0, 1
97, -2.114, -12.382, 125.095, 0, 0, 0, 1
97, 1.492, -16.619, 125.109, 0, 0, 0, 1
97, 1.499, -16.626, 125.139, 0, 0, 0, 1
97, 1.719, -16.8, 125.14, 0, 0, 0, 1
97, 6.651, -21.698, 125.141, 0, 0, 0, 1
97, 12.464, -25.715, 125.18, 0, 0, 0, 1
97, 12.954, -26.093, 125.219, 0, 0, 0, 1
97, 13.257, -26.269, 125.222, 0, 0, 0, 1
97, 18.422, -29.047, 125.224, 0, 0, 0, 1
97, 23.423, -31.043, 125.257, 0, 0, 0, 1
97, 24.234, -31.331, 125.286, 0, 0, 0, 1
97, 29.647, -32.658, 125.291, 0, 0, 0, 1
97, 30.937, -32.945, 125.322, 0, 0, 0, 1
97, 36.646, -33.595, 125.329, 0, 0, 0, 1
97, 38.964, -33.537, 125.361, 0, 0, 0, 1
97, 41.893, -33.577, 125.374, 0, 0, 0, 1
97, 46.843, -32.976, 125.39, 0, 0, 0, 1
97, 47.163, -32.917, 125.418, 0, 0, 0, 1
97, 51.875, -31.789, 125.42, 0, 0, 0, 1
97, 55.644, -30.386, 125.447, 0, 0, 0, 1
97, 57.968, -29.496, 125.469, 0, 0, 0, 1
97, 61.445, -27.718, 125.483, 0, 0, 0, 1
97, 64.251, -25.791, 125.504, 0, 0, 0, 1
97, 66.907, -23.903, 125.523, 0, 0, 0, 1
97, 69.303, -21.754, 125.541, 0, 0, 0, 1
97, 71.198, -19.499, 125.559, 0, 0, 0, 1
97, 73.408, -16.83, 125.575, 0, 0, 0, 1
97, 74.844, -14.512, 125.594, 0, 0, 0, 1
97, 75.888, -12.046, 125.61, 0, 0, 0, 1
97, 77.282, -8.925, 125.624, 0, 0, 0, 1
97, 77.869, -6.562, 125.643, 0, 0, 0, 1
97, 78.081, -3.954, 125.657, 0, 0, 0, 1
97, 78.547, -0.67, 125.671, 0, 0, 0, 1
97, 78.347, 1.78, 125.69, 0, 0, 0, 1
97, 77.883, 5.046, 125.703, 0, 0, 0, 1
97, 77.277, 7.485, 125.722, 0, 0, 0, 1
97, 76.204, 10.015, 125.735, 0, 0, 0, 1
97, 74.854, 13.036, 125.751, 0, 0, 0, 1
97, 73.411, 15.365, 125.769, 0, 0, 0, 1
97, 71.354, 17.818, 125.784, 0, 0, 0, 1
97, 69.298, 20.3, 125.802, 0, 0, 0, 1
97, 66.918, 22.435, 125.82, 0, 0, 0, 1
97, 63.719, 24.641, 125.837, 0, 0, 0, 1
97, 61.431, 26.266, 125.859, 0, 0, 0, 1
97, 57.975, 28.034, 125.875, 0, 0, 0, 1
97, 53.451, 29.725, 125.896, 0, 0, 0, 1
97, 51.866, 30.332, 125.923, 0, 0, 0, 1
97, 47.163, 31.458, 125.932, 0, 0, 0, 1
97, 46.843, 31.517, 125.959, 0, 0, 0, 1
97, 41.861, 32.122, 125.961, 0, 0, 0, 1
97, 40.847, 32.14, 125.989, 0, 0, 0, 1
97, 36.672, 32.14, 125.994, 0, 0, 0, 1
97, 30.961, 31.489, 126.017, 0, 0, 0, 1
97, 24.238, 29.873, 126.049, 0, 0, 0, 1
97, 23.437, 29.589, 126.087, 0, 0, 0, 1
97, 18.43, 27.592, 126.092, 0, 0, 0, 1
97, 13.273, 24.819, 126.122, 0, 0, 0, 1
97, 12.963, 24.639, 126.154, 0, 0, 0, 1
97, 12.464, 24.255, 126.156, 0, 0, 0, 1
97, 6.655, 20.242, 126.16, 0, 0, 0, 1
97, 1.719, 15.341, 126.199, 0, 0, 0, 1
97, 1.499, 15.168, 126.238, 0, 0, 0, 1
97, 1.492, 15.16, 126.239, 0, 0, 0, 1
97, -2.114, 10.923, 126.239, 0, 0, 0, 1
97, -3.471, 8.829, 126.27, 0, 0, 0, 1
97, -4.357, 7.011, 126.284, 0, 0, 0, 1
98, -3.791, 4.159, 127.595, 0, 0, 0, 1
98, -4.159, 1.325, 126.307, 0, 0, 0, 1
98, -4.481, -0.756, 126.323, 0, 0, 0, 1
98, -4.146, -3.392, 126.335, 0, 0, 0, 1
98, -3.801, -5.593, 126.349, 0, 0, 0, 1
98, -3.021, -7.644, 126.362, 0, 0, 0, 1
98, -1.375, -11.021, 126.374, 0, 0, 0, 1
98, -0.809, -11.894, 126.395, 0, 0, 0, 1
98, 1.116, -14.156, 126.401, 0, 0, 0, 1
98, 2.964, -16.913, 126.417, 0, 0, 0, 1
98, 7.943, -21.848, 126.436, 0, 0, 0, 1
98, 11.325, -24.184, 126.475, 0, 0, 0, 1
98, 13.694, -26.01, 126.498, 0, 0, 0, 1
98, 15.507, -27.063, 126.514, 0, 0, 0, 1
98, 19.12, -29.006, 126.526, 0, 0, 0, 1
98, 24.945, -31.339, 126.549, 0, 0, 0, 1
98, 25.097, -31.39, 126.584, 0, 0, 0, 1
98, 29.956, -32.577, 126.585, 0, 0, 0, 1
98, 31.846, -32.998, 126.612, 0, 0, 0, 1
98, 37.329, -33.626, 126.623, 0, 0, 0, 1
98, 38.727, -33.59, 126.654, 0, 0, 0, 1
98, 41.492, -33.628, 126.662, 0, 0, 0, 1
98, 42.53, -33.612, 126.677, 0, 0, 0, 1
98, 47.573, -32.998, 126.683, 0, 0, 0, 1
98, 48.201, -32.882, 126.711, 0, 0, 0, 1
98, 52.642, -31.819, 126.715, 0, 0, 0, 1
98, 56.194, -30.497, 126.74, 0, 0, 0, 1
98, 58.984, -29.429, 126.761, 0, 0, 0, 1
98, 62.255, -27.755, 126.778, 0, 0, 0, 1
98, 64.899, -25.94, 126.798, 0, 0, 0, 1
98, 67.879, -23.823, 126.816, 0, 0, 0, 1
98, 70.131, -21.803, 126.836, 0, 0, 0, 1
98, 71.915, -19.678, 126.853, 0, 0, 0, 1
98, 74.332, -16.759, 126.869, 0, 0, 0, 1
98, 75.68, -14.584, 126.89, 0, 0, 0, 1
98, 76.662, -12.263, 126.904, 0, 0, 0, 1
98, 78.171, -8.885, 126.918, 0, 0, 0, 1
98, 78.721, -6.671, 126.939, 0, 0, 0, 1
98, 78.921, -4.214, 126.951, 0, 0, 0, 1
98, 79.424, -0.67, 126.965, 0, 0, 0, 1
98, 79.236, 1.628, 126.985, 0, 0, 0, 1
98, 78.736, 5.155, 126.998, 0, 0, 0, 1
98, 78.166, 7.445, 127.018, 0, 0, 0, 1
98, 77.157, 9.825, 127.031, 0, 0, 0, 1
98, 75.69, 13.109, 127.045, 0, 0, 0, 1
98, 74.335, 15.295, 127.065, 0, 0, 0, 1
98, 72.398, 17.605, 127.079, 0, 0, 0, 1
98, 70.125, 20.349, 127.096, 0, 0, 0, 1
98, 67.889, 22.354, 127.116, 0, 0, 0, 1
98, 64.873, 24.434, 127.133, 0, 0, 0, 1
98, 62.241, 26.304, 127.153, 0, 0, 0, 1
98, 58.991, 27.966, 127.171, 0, 0, 0, 1
98, 54.724, 29.562, 127.191, 0, 0, 0, 1
98, 52.632, 30.362, 127.217, 0, 0, 0, 1
98, 48.201, 31.423, 127.229, 0, 0, 0, 1
98, 47.574, 31.539, 127.254, 0, 0, 0, 1
98, 42.405, 32.161, 127.258, 0, 0, 0, 1
98, 37.353, 32.17, 127.287, 0, 0, 0, 1
98, 31.866, 31.542, 127.315, 0, 0, 0, 1
98, 25.101, 29.932, 127.346, 0, 0, 0, 1
98, 24.952, 29.883, 127.384, 0, 0, 0, 1
98, 19.128, 27.551, 127.385, 0, 0, 0, 1
98, 15.521, 25.612, 127.42, 0, 0, 0, 1
98, 13.701, 24.557, 127.443, 0, 0, 0, 1
98, 11.324, 22.725, 127.455, 0, 0, 0, 1
98, 7.949, 20.393, 127.471, 0, 0, 0, 1
98, 2.965, 15.455, 127.494, 0, 0, 0, 1
98, 1.116, 12.697, 127.533, 0, 0, 0, 1
98, -0.809, 10.435, 127.552, 0, 0, 0, 1
98, -1.375, 9.562, 127.568, 0, 0, 0, 1
98, -3.021, 6.185, 127.574, 0, 0, 0, 1
99, -2.008, 4.509, 128.895, 0, 0, 0, 1
99, -2.177, 3.21, 127.6, 0, 0, 0, 1
99, -2.79, -0.756, 127.607, 0, 0, 0, 1
99, -2.616, -2.123, 127.63, 0, 0, 0, 1
99, -2.018, -5.942, 127.638, 0, 0, 0, 1
99, -1.685, -6.818, 127.659, 0, 0, 0, 1
99, 0.482, -11.264, 127.664, 0, 0, 0, 1
99, 0.665, -11.74, 127.692, 0, 0, 0, 1
99, 4.212, -17.031, 127.695, 0, 0, 0, 1
99, 9.236, -21.997, 127.73, 0, 0, 0, 1
99, 10.185, -22.654, 127.77, 0, 0, 0, 1
99, 14.433, -25.928, 127.776, 0, 0, 0, 1
99, 17.758, -27.857, 127.806, 0, 0, 0, 1
99, 19.816, -28.964, 127.828, 0, 0, 0, 1
99, 22.777, -30.146, 127.841, 0, 0, 0, 1
99, 25.444, -31.241, 127.859, 0, 0, 0, 1
99, 26.331, -31.535, 127.875, 0, 0, 0, 1
99, 30.265, -32.496, 127.88, 0, 0, 0, 1
99, 32.755, -33.051, 127.903, 0, 0, 0, 1
99, 38.013, -33.656, 127.917, 0, 0, 0, 1
99, 38.49, -33.644, 127.946, 0, 0, 0, 1
99, 39.571, -33.659, 127.949, 0, 0, 0, 1
99, 43.138, -33.626, 127.955, 0, 0, 0, 1
99, 43.522, -33.603, 127.975, 0, 0, 0, 1
99, 48.303, -33.02, 127.977, 0, 0, 0, 1
99, 49.24, -32.847, 128.004, 0, 0, 0, 1
99, 53.408, -31.849, 128.01, 0, 0, 0, 1
99, 56.744, -30.608, 128.033, 0, 0, 0, 1
99, 59.999, -29.361, 128.053, 0, 0, 0, 1
99, 63.066, -27.793, 128.073, 0, 0, 0, 1
99, 65.547, -26.089, 128.092, 0, 0, 0, 1
99, 68.85, -23.742, 128.109, 0, 0, 0, 1
99, 70.958, -21.851, 128.132, 0, 0, 0, 1
99, 72.631, -19.859, 128.147, 0, 0, 0, 1
99, 75.256, -16.689, 128.162, 0, 0, 0, 1
99, 76.516, -14.657, 128.185, 0, 0, 0, 1
99, 77.437, -12.479, 128.198, 0, 0, 0, 1
99, 79.061, -8.844, 128.211, 0, 0, 0, 1
99, 79.574, -6.781, 128.234, 0, 0, 0, 1
99, 79.761, -4.475, 128.246, 0, 0, 0, 1
99, 80.301, -0.67, 128.259, 0, 0, 0, 1
99, 80.125, 1.476, 128.28, 0, 0, 0, 1
99, 79.588, 5.264, 128.292, 0, 0, 0, 1
99, 79.056, 7.404, 128.313, 0, 0, 0, 1
99, 78.11, 9.635, 128.326, 0, 0, 0, 1
99, 76.526, 13.181, 128.339, 0, 0, 0, 1
99, 75.259, 15.225, 128.361, 0, 0, 0, 1
99, 73.441, 17.392, 128.374, 0, 0, 0, 1
99, 70.953, 20.397, 128.39, 0, 0, 0, 1
99, 68.86, 22.274, 128.412, 0, 0, 0, 1
99, 66.027, 24.227, 128.428, 0, 0, 0, 1
99, 63.051, 26.341, 128.447, 0, 0, 0, 1
99, 60.006, 27.899, 128.467, 0, 0, 0, 1
99, 55.997, 29.398, 128.486, 0, 0, 0, 1
99, 53.398, 30.393, 128.51, 0, 0, 0, 1
99, 49.239, 31.389, 128.526, 0, 0, 0, 1
99, 48.302, 31.562, 128.55, 0, 0, 0, 1
99, 43.521, 32.144, 128.555, 0, 0, 0, 1
99, 43.138, 32.167, 128.582, 0, 0, 0, 1
99, 39.557, 32.2, 128.584, 0, 0, 0, 1
99, 38.038, 32.2, 128.604, 0, 0, 0, 1
99, 32.774, 31.594, 128.613, 0, 0, 0, 1
99, 28.31, 30.528, 128.642, 0, 0, 0, 1
99, 26.325, 30.074, 128.668, 0, 0, 0, 1
99, 25.449, 29.784, 128.679, 0, 0, 0, 1
99, 22.777, 28.687, 128.685, 0, 0, 0, 1
99, 19.823, 27.509, 128.701, 0, 0, 0, 1
99, 17.771, 26.405, 128.718, 0, 0, 0, 1
99, 14.44, 24.474, 128.731, 0, 0, 0, 1
99, 10.185, 21.195, 128.753, 0, 0, 0, 1
99, 9.243, 20.544, 128.783, 0, 0, 0, 1
99, 4.214, 15.574, 128.789, 0, 0, 0, 1
99, 0.665, 10.282, 128.829, 0, 0, 0, 1
99, 0.482, 9.806, 128.865, 0, 0, 0, 1
99, -1.685, 5.359, 128.867, 0, 0, 0, 1
100, -1.1, -0.755, 130.195, 0, 0, 0, 1
100, -1.087, -0.854, 128.927, 0, 0, 0, 1
100, -0.251, -6.189, 128.927, 0, 0, 0, 1
100, -0.234, -6.315, 128.958, 0, 0, 0, 1
100, 1.879, -11.822, 128.958, 0, 0, 0, 1
100, 5.46, -17.149, 128.991, 0, 0, 0, 1
100, 9.311, -20.952, 129.027, 0, 0, 0, 1
100, 10.345, -22.094, 129.058, 0, 0, 0, 1
100, 11.008, -22.635, 129.066, 0, 0, 0, 1
100, 15.173, -25.846, 129.071, 0, 0, 0, 1
100, 20.008, -28.651, 129.101, 0, 0, 0, 1
100, 20.52, -28.927, 129.132, 0, 0, 0, 1
100, 25.932, -31.139, 129.135, 0, 0, 0, 1
100, 27.565, -31.68, 129.168, 0, 0, 0, 1
100, 30.574, -32.416, 129.178, 0, 0, 0, 1
100, 33.664, -33.104, 129.195, 0, 0, 0, 1
100, 37.847, -33.587, 129.213, 0, 0, 0, 1
100, 38.818, -33.678, 129.236, 0, 0, 0, 1
100, 43.82, -33.633, 129.242, 0, 0, 0, 1
100, 44.559, -33.588, 129.27, 0, 0, 0, 1
100, 49.033, -33.042, 129.274, 0, 0, 0, 1
100, 50.278, -32.813, 129.299, 0, 0, 0, 1
100, 54.175, -31.88, 129.306, 0, 0, 0, 1
100, 57.294, -30.718, 129.329, 0, 0, 0, 1
100, 61.015, -29.294, 129.348, 0, 0, 0, 1
100, 63.876, -27.83, 129.37, 0, 0, 0, 1
100, 66.195, -26.238, 129.388, 0, 0, 0, 1
100, 69.821, -23.661, 129.404, 0, 0, 0, 1
100, 71.785, -21.9, 129.429, 0, 0, 0, 1
100, 73.347, -20.04, 129.443, 0, 0, 0, 1
100, 76.18, -16.618, 129.457, 0, 0, 0, 1
100, 77.351, -14.729, 129.482, 0, 0, 0, 1
100, 78.212, -12.696, 129.494, 0, 0, 0, 1
100, 79.95, -8.803, 129.507, 0, 0, 0, 1
100, 80.426, -6.89, 129.531, 0, 0, 0, 1
100, 80.601, -4.735, 129.542, 0, 0, 0, 1
100, 81.178, -0.67, 129.554, 0, 0, 0, 1
100, 81.015, 1.324, 129.577, 0, 0, 0, 1
100, 80.44, 5.374, 129.588, 0, 0, 0, 1
100, 79.945, 7.364, 129.611, 0, 0, 0, 1
100, 79.063, 9.444, 129.623, 0, 0, 0, 1
100, 77.361, 13.254, 129.635, 0, 0, 0, 1
100, 76.184, 15.154, 129.659, 0, 0, 0, 1
100, 74.485, 17.18, 129.671, 0, 0, 0, 1
100, 71.78, 20.446, 129.686, 0, 0, 0, 1
100, 69.831, 22.194, 129.71, 0, 0, 0, 1
100, 67.182, 24.02, 129.724, 0, 0, 0, 1
100, 63.861, 26.379, 129.742, 0, 0, 0, 1
100, 61.021, 27.832, 129.765, 0, 0, 0, 1
100, 57.27, 29.234, 129.783, 0, 0, 0, 1
100, 54.165, 30.423, 129.806, 0, 0, 0, 1
100, 50.277, 31.354, 129.824, 0, 0, 0, 1
100, 49.032, 31.584, 129.847, 0, 0, 0, 1
100, 44.558, 32.129, 129.854, 0, 0, 0, 1
100, 43.819, 32.174, 129.879, 0, 0, 0, 1
100, 38.785, 32.22, 129.883, 0, 0, 0, 1
100, 38.744, 32.217, 129.911, 0, 0, 0, 1
100, 37.853, 32.129, 129.912, 0, 0, 0, 1
100, 33.681, 31.647, 129.917, 0, 0, 0, 1
100, 31.032, 31.014, 129.94, 0, 0, 0, 1
100, 27.557, 30.219, 129.956, 0, 0, 0, 1
100, 25.937, 29.682, 129.976, 0, 0, 0, 1
100, 20.527, 27.471, 129.985, 0, 0, 0, 1
100, 20.019, 27.198, 130.018, 0, 0, 0, 1
100, 15.179, 24.391, 130.021, 0, 0, 0, 1
100, 11.018, 21.185, 130.052, 0, 0, 0, 1
100, 10.35, 20.64, 130.082, 0, 0, 0, 1
100, 9.311, 19.492, 130.087, 0, 0, 0, 1
100, 5.463, 15.693, 130.095, 0, 0, 0, 1
100, 1.879, 10.364, 130.126, 0, 0, 0, 1
100, -0.245, 4.828, 130.162, 0, 0, 0, 1
101, 0.362, 0.195, 131.495, 0, 0, 0, 1
101, 0.352, -0.421, 130.222, 0, 0, 0, 1
101, 0.313, -0.741, 130.225, 0, 0, 0, 1
101, 0.815, -5.208, 130.227, 0, 0, 0, 1
101, 0.958, -6.355, 130.252, 0, 0, 0, 1
101, 3.092, -11.903, 130.259, 0, 0, 0, 1
101, 6.708, -17.267, 130.292, 0, 0, 0, 1
101, 8.172, -18.713, 130.328, 0, 0, 0, 1
101, 11.136, -21.987, 130.34, 0, 0, 0, 1
101, 13.211, -23.681, 130.365, 0, 0, 0, 1
101, 15.912, -25.763, 130.38, 0, 0, 0, 1
101, 20.093, -28.189, 130.399, 0, 0, 0, 1
101, 21.308, -28.919, 130.426, 0, 0, 0, 1
101, 21.724, -29.109, 130.434, 0, 0, 0, 1
101, 26.424, -31.039, 130.437, 0, 0, 0, 1
101, 28.798, -31.826, 130.465, 0, 0, 0, 1
101, 30.884, -32.335, 130.479, 0, 0, 0, 1
101, 34.572, -33.156, 130.491, 0, 0, 0, 1
101, 35.925, -33.313, 130.513, 0, 0, 0, 1
101, 39.369, -33.655, 130.52, 0, 0, 0, 1
101, 39.812, -33.682, 130.54, 0, 0, 0, 1
101, 44.502, -33.639, 130.542, 0, 0, 0, 1
101, 45.596, -33.572, 130.568, 0, 0, 0, 1
101, 49.763, -33.065, 130.575, 0, 0, 0, 1
101, 51.316, -32.778, 130.598, 0, 0, 0, 1
101, 54.941, -31.91, 130.607, 0, 0, 0, 1
101, 57.844, -30.829, 130.628, 0, 0, 0, 1
101, 62.031, -29.226, 130.645, 0, 0, 0, 1
101, 64.687, -27.868, 130.671, 0, 0, 0, 1
101, 66.842, -26.388, 130.687, 0, 0, 0, 1
101, 70.792, -23.581, 130.702, 0, 0, 0, 1
101, 72.613, -21.948, 130.729, 0, 0, 0, 1
101, 74.064, -20.22, 130.743, 0, 0, 0, 1
101, 77.104, -16.548, 130.756, 0, 0, 0, 1
101, 78.187, -14.801, 130.782, 0, 0, 0, 1
101, 78.986, -12.913, 130.794, 0, 0, 0, 1
101, 80.84, -8.763, 130.806, 0, 0, 0, 1
101, 81.278, -6.999, 130.831, 0, 0, 0, 1
101, 81.441, -4.995, 130.841, 0, 0, 0, 1
101, 82.054, -0.67, 130.853, 0, 0, 0, 1
101, 81.904, 1.172, 130.877, 0, 0, 0, 1
101, 81.292, 5.483, 130.888, 0, 0, 0, 1
101, 80.835, 7.323, 130.912, 0, 0, 0, 1
101, 80.016, 9.254, 130.923, 0, 0, 0, 1
101, 78.197, 13.327, 130.934, 0, 0, 0, 1
101, 77.108, 15.084, 130.959, 0, 0, 0, 1
101, 75.528, 16.967, 130.971, 0, 0, 0, 1
101, 72.607, 20.495, 130.985, 0, 0, 0, 1
101, 70.802, 22.113, 131.011, 0, 0, 0, 1
101, 68.336, 23.814, 131.024, 0, 0, 0, 1
101, 64.672, 26.417, 131.041, 0, 0, 0, 1
101, 62.037, 27.764, 131.066, 0, 0, 0, 1
101, 58.543, 29.071, 131.083, 0, 0, 0, 1
101, 54.931, 30.453, 131.104, 0, 0, 0, 1
101, 51.315, 31.319, 131.126, 0, 0, 0, 1
101, 49.762, 31.606, 131.147, 0, 0, 0, 1
101, 45.595, 32.114, 131.155, 0, 0, 0, 1
101, 44.501, 32.18, 131.179, 0, 0, 0, 1
101, 39.812, 32.223, 131.185, 0, 0, 0, 1
101, 39.369, 32.196, 131.212, 0, 0, 0, 1
101, 35.925, 31.854, 131.214, 0, 0, 0, 1
101, 34.58, 31.699, 131.233, 0, 0, 0, 1
101, 28.79, 30.364, 131.241, 0, 0, 0, 1
101, 26.427, 29.581, 131.274, 0, 0, 0, 1
101, 21.732, 27.653, 131.288, 0, 0, 0, 1
101, 21.314, 27.463, 131.317, 0, 0, 0, 1
101, 20.093, 26.73, 131.32, 0, 0, 0, 1
101, 15.918, 24.308, 131.328, 0, 0, 0, 1
101, 13.22, 22.229, 131.355, 0, 0, 0, 1
101, 11.141, 20.533, 131.374, 0, 0, 0, 1
101, 8.172, 17.254, 131.389, 0, 0, 0, 1
101, 6.712, 15.813, 131.414, 0, 0, 0, 1
101, 3.093, 10.446, 131.425, 0, 0, 0, 1
101, 0.957, 4.895, 131.462, 0, 0, 0, 1
102, 1.748, 1.763, 132.795, 0, 0, 0, 1
102, 1.741, 1.333, 131.513, 0, 0, 0, 1
102, 1.484, -0.741, 131.515, 0, 0, 0, 1
102, 1.837, -3.875, 131.527, 0, 0, 0, 1
102, 2.15, -6.396, 131.545, 0, 0, 0, 1
102, 4.306, -11.984, 131.559, 0, 0, 0, 1
102, 7.274, -16.379, 131.593, 0, 0, 0, 1
102, 7.897, -17.413, 131.623, 0, 0, 0, 1
102, 8.179, -17.74, 131.63, 0, 0, 0, 1
102, 11.928, -21.881, 131.632, 0, 0, 0, 1
102, 15.413, -24.726, 131.663, 0, 0, 0, 1
102, 16.652, -25.681, 131.689, 0, 0, 0, 1
102, 18.618, -26.821, 131.698, 0, 0, 0, 1
102, 22.026, -28.868, 131.71, 0, 0, 0, 1
102, 23.376, -29.485, 131.733, 0, 0, 0, 1
102, 26.914, -30.938, 131.741, 0, 0, 0, 1
102, 30.032, -31.971, 131.763, 0, 0, 0, 1
102, 31.193, -32.255, 131.781, 0, 0, 0, 1
102, 34.201, -32.924, 131.788, 0, 0, 0, 1
102, 35.483, -33.185, 131.805, 0, 0, 0, 1
102, 39.994, -33.633, 131.812, 0, 0, 0, 1
102, 40.839, -33.685, 131.838, 0, 0, 0, 1
102, 45.184, -33.646, 131.843, 0, 0, 0, 1
102, 46.633, -33.557, 131.867, 0, 0, 0, 1
102, 50.493, -33.087, 131.875, 0, 0, 0, 1
102, 52.355, -32.743, 131.897, 0, 0, 0, 1
102, 55.708, -31.94, 131.908, 0, 0, 0, 1
102, 58.394, -30.94, 131.927, 0, 0, 0, 1
102, 63.047, -29.159, 131.943, 0, 0, 0, 1
102, 65.497, -27.905, 131.971, 0, 0, 0, 1
102, 67.489, -26.537, 131.987, 0, 0, 0, 1
102, 71.764, -23.5, 132.001, 0, 0, 0, 1
102, 73.44, -21.997, 132.03, 0, 0, 0, 1
102, 74.781, -20.4, 132.043, 0, 0, 0, 1
102, 78.028, -16.478, 132.054, 0, 0, 0, 1
102, 79.023, -14.874, 132.083, 0, 0, 0, 1
102, 79.761, -13.129, 132.094, 0, 0, 0, 1
102, 81.729, -8.722, 132.104, 0, 0, 0, 1
102, 82.13, -7.109, 132.132, 0, 0, 0, 1
102, 82.281, -5.255, 132.141, 0, 0, 0, 1
102, 82.931, -0.67, 132.151, 0, 0, 0, 1
102, 82.793, 1.02, 132.177, 0, 0, 0, 1
102, 82.145, 5.592, 132.187, 0, 0, 0, 1
102, 81.724, 7.283, 132.213, 0, 0, 0, 1
102, 80.969, 9.063, 132.223, 0, 0, 0, 1
102, 79.032, 13.399, 132.234, 0, 0, 0, 1
102, 78.032, 15.014, 132.26, 0, 0, 0, 1
102, 76.572, 16.755, 132.271, 0, 0, 0, 1
102, 73.434, 20.543, 132.284, 0, 0, 0, 1
102, 71.773, 22.033, 132.312, 0, 0, 0, 1
102, 69.49, 23.607, 132.324, 0, 0, 0, 1
102, 65.482, 26.454, 132.34, 0, 0, 0, 1
102, 63.052, 27.697, 132.367, 0, 0, 0, 1
102, 59.815, 28.907, 132.383, 0, 0, 0, 1
102, 55.697, 30.484, 132.402, 0, 0, 0, 1
102, 52.353, 31.285, 132.427, 0, 0, 0, 1
102, 50.491, 31.628, 132.446, 0, 0, 0, 1
102, 46.631, 32.098, 132.457, 0, 0, 0, 1
102, 45.183, 32.187, 132.479, 0, 0, 0, 1
102, 40.838, 32.226, 132.487, 0, 0, 0, 1
102, 39.993, 32.175, 132.511, 0, 0, 0, 1
102, 35.483, 31.727, 132.516, 0, 0, 0, 1
102, 34.207, 31.467, 132.542, 0, 0, 0, 1
102, 30.021, 30.508, 132.549, 0, 0, 0, 1
102, 26.916, 29.48, 132.573, 0, 0, 0, 1
102, 23.382, 28.029, 132.592, 0, 0, 0, 1
102, 22.031, 27.412, 132.613, 0, 0, 0, 1
102, 18.617, 25.363, 132.621, 0, 0, 0, 1
102, 16.657, 24.226, 132.644, 0, 0, 0, 1
102, 15.421, 23.273, 132.657, 0, 0, 0, 1
102, 11.932, 20.427, 132.665, 0, 0, 0, 1
102, 8.185, 16.288, 132.691, 0, 0, 0, 1
102, 7.9, 15.958, 132.722, 0, 0, 0, 1
102, 7.273, 14.919, 132.725, 0, 0, 0, 1
102, 4.307, 10.528, 132.731, 0, 0, 0, 1
102, 2.15, 4.936, 132.761, 0, 0, 0, 1
103, 3.133, 3.33, 134.095, 0, 0, 0, 1
103, 3.13, 3.088, 132.804, 0, 0, 0, 1
103, 2.655, -0.741, 132.806, 0, 0, 0, 1
103, 2.858, -2.541, 132.827, 0, 0, 0, 1
103, 3.342, -6.438, 132.838, 0, 0, 0, 1
103, 5.52, -12.066, 132.86, 0, 0, 0, 1
103, 6.134, -12.975, 132.894, 0, 0, 0, 1
103, 8.743, -17.303, 132.9, 0, 0, 0, 1
103, 10.213, -19.006, 132.928, 0, 0, 0, 1
103, 12.719, -21.775, 132.941, 0, 0, 0, 1
103, 17.442, -25.633, 132.962, 0, 0, 0, 1
103, 21.51, -28.062, 132.997, 0, 0, 0, 1
103, 22.751, -28.821, 133.023, 0, 0, 0, 1
103, 25.029, -29.861, 133.031, 0, 0, 0, 1
103, 27.403, -30.837, 133.046, 0, 0, 0, 1
103, 31.252, -32.112, 133.06, 0, 0, 0, 1
103, 32.283, -32.348, 133.083, 0, 0, 0, 1
103, 35.894, -33.096, 133.089, 0, 0, 0, 1
103, 36.448, -33.198, 133.11, 0, 0, 0, 1
103, 40.619, -33.612, 133.113, 0, 0, 0, 1
103, 41.865, -33.688, 133.136, 0, 0, 0, 1
103, 45.866, -33.652, 133.143, 0, 0, 0, 1
103, 47.67, -33.542, 133.166, 0, 0, 0, 1
103, 51.223, -33.109, 133.176, 0, 0, 0, 1
103, 53.393, -32.708, 133.196, 0, 0, 0, 1
103, 56.474, -31.97, 133.209, 0, 0, 0, 1
103, 58.944, -31.051, 133.227, 0, 0, 0, 1
103, 64.062, -29.091, 133.241, 0, 0, 0, 1
103, 66.308, -27.943, 133.272, 0, 0, 0, 1
103, 68.137, -26.687, 133.287, 0, 0, 0, 1
103, 72.735, -23.419, 133.299, 0, 0, 0, 1
103, 74.267, -22.045, 133.331, 0, 0, 0, 1
103, 75.497, -20.581, 133.342, 0, 0, 0, 1
103, 78.953, -16.407, 133.353, 0, 0, 0, 1
103, 79.858, -14.946, 133.384, 0, 0, 0, 1
103, 80.535, -13.346, 133.393, 0, 0, 0, 1
103, 82.619, -8.682, 133.403, 0, 0, 0, 1
103, 82.983, -7.218, 133.432, 0, 0, 0, 1
103, 83.121, -5.515, 133.441, 0, 0, 0, 1
103, 83.808, -0.67, 133.45, 0, 0, 0, 1
103, 83.682, 0.868, 133.478, 0, 0, 0, 1
103, 82.997, 5.702, 133.486, 0, 0, 0, 1
103, 82.614, 7.242, 133.514, 0, 0, 0, 1
103, 81.922, 8.873, 133.523, 0, 0, 0, 1
103, 79.868, 13.472, 133.533, 0, 0, 0, 1
103, 78.953, 14.948, 133.561, 0, 0, 0, 1
103, 74.262, 20.591, 133.571, 0, 0, 0, 1
103, 72.744, 21.952, 133.612, 0, 0, 0, 1
103, 70.645, 23.4, 133.624, 0, 0, 0, 1
103, 66.292, 26.492, 133.638, 0, 0, 0, 1
103, 64.068, 27.63, 133.668, 0, 0, 0, 1
103, 61.088, 28.744, 133.682, 0, 0, 0, 1
103, 56.463, 30.514, 133.7, 0, 0, 0, 1
103, 53.391, 31.25, 133.728, 0, 0, 0, 1
103, 51.221, 31.65, 133.746, 0, 0, 0, 1
103, 47.668, 32.083, 133.758, 0, 0, 0, 1
103, 45.864, 32.193, 133.779, 0, 0, 0, 1
103, 41.864, 32.23, 133.789, 0, 0, 0, 1
103, 40.617, 32.153, 133.811, 0, 0, 0, 1
103, 36.447, 31.739, 133.818, 0, 0, 0, 1
103, 35.894, 31.637, 133.842, 0, 0, 0, 1
103, 32.283, 30.889, 133.845, 0, 0, 0, 1
103, 31.253, 30.653, 133.866, 0, 0, 0, 1
103, 27.405, 29.378, 133.872, 0, 0, 0, 1
103, 25.032, 28.404, 133.895, 0, 0, 0, 1
103, 22.748, 27.361, 133.909, 0, 0, 0, 1
103, 17.409, 24.148, 133.923, 0, 0, 0, 1
103, 12.724, 20.32, 133.958, 0, 0, 0, 1
103, 10.218, 17.553, 133.993, 0, 0, 0, 1
103, 8.746, 15.849, 134.014, 0, 0, 0, 1
103, 6.134, 11.517, 134.026, 0, 0, 0, 1
103, 5.522, 10.61, 134.055, 0, 0, 0, 1
103, 3.342, 4.978, 134.061, 0, 0, 0, 1
104, 3.828, -0.729, 135.395, 0, 0, 0, 1
104, 4.535, -6.481, 134.128, 0, 0, 0, 1
104, 5.187, -8.163, 134.16, 0, 0, 0, 1
104, 6.557, -12.126, 134.171, 0, 0, 0, 1
104, 7.054, -12.989, 134.194, 0, 0, 0, 1
104, 9.589, -17.194, 134.2, 0, 0, 0, 1
104, 12.246, -20.272, 134.228, 0, 0, 0, 1
104, 13.511, -21.668, 134.25, 0, 0, 0, 1
104, 15.933, -23.645, 134.261, 0, 0, 0, 1
104, 17.904, -25.332, 134.279, 0, 0, 0, 1
104, 18.407, -25.723, 134.293, 0, 0, 0, 1
104, 21.712, -27.696, 134.297, 0, 0, 0, 1
104, 23.469, -28.771, 134.319, 0, 0, 0, 1
104, 26.681, -30.237, 134.33, 0, 0, 0, 1
104, 27.893, -30.736, 134.35, 0, 0, 0, 1
104, 30.523, -31.607, 134.358, 0, 0, 0, 1
104, 31.797, -31.976, 134.373, 0, 0, 0, 1
104, 32.318, -32.176, 134.381, 0, 0, 0, 1
104, 36.433, -33.028, 134.384, 0, 0, 0, 1
104, 37.431, -33.212, 134.408, 0, 0, 0, 1
104, 41.243, -33.591, 134.413, 0, 0, 0, 1
104, 42.892, -33.692, 134.435, 0, 0, 0, 1
104, 46.548, -33.659, 134.444, 0, 0, 0, 1
104, 48.707, -33.526, 134.465, 0, 0, 0, 1
104, 51.953, -33.131, 134.477, 0, 0, 0, 1
104, 54.431, -32.674, 134.496, 0, 0, 0, 1
104, 57.241, -32.001, 134.51, 0, 0, 0, 1
104, 59.494, -31.162, 134.526, 0, 0, 0, 1
104, 65.078, -29.024, 134.54, 0, 0, 0, 1
104, 67.118, -27.98, 134.573, 0, 0, 0, 1
104, 68.785, -26.836, 134.586, 0, 0, 0, 1
104, 73.706, -23.339, 134.598, 0, 0, 0, 1
104, 75.091, -22.097, 134.632, 0, 0, 0, 1
104, 79.878, -16.336, 134.642, 0, 0, 0, 1
104, 80.694, -15.019, 134.684, 0, 0, 0, 1
104, 81.31, -13.562, 134.693, 0, 0, 0, 1
104, 83.508, -8.641, 134.702, 0, 0, 0, 1
104, 83.835, -7.327, 134.733, 0, 0, 0, 1
104, 83.961, -5.776, 134.74, 0, 0, 0, 1
104, 84.685, -0.67, 134.749, 0, 0, 0, 1
104, 84.572, 0.716, 134.778, 0, 0, 0, 1
104, 83.849, 5.811, 134.786, 0, 0, 0, 1
104, 83.503, 7.201, 134.815, 0, 0, 0, 1
104, 82.875, 8.682, 134.823, 0, 0, 0, 1
104, 80.703, 13.544, 134.832, 0, 0, 0, 1
104, 79.877, 14.878, 134.862, 0, 0, 0, 1
104, 75.089, 20.64, 134.871, 0, 0, 0, 1
104, 73.715, 21.872, 134.913, 0, 0, 0, 1
104, 71.799, 23.193, 134.924, 0, 0, 0, 1
104, 67.102, 26.53, 134.937, 0, 0, 0, 1
104, 65.083, 27.562, 134.969, 0, 0, 0, 1
104, 62.361, 28.58, 134.982, 0, 0, 0, 1
104, 57.23, 30.545, 134.998, 0, 0, 0, 1
104, 54.428, 31.215, 135.029, 0, 0, 0, 1
104, 51.951, 31.672, 135.046, 0, 0, 0, 1
104, 48.705, 32.068, 135.06, 0, 0, 0, 1
104, 46.546, 32.2, 135.078, 0, 0, 0, 1
104, 42.89, 32.233, 135.091, 0, 0, 0, 1
104, 41.241, 32.132, 135.111, 0, 0, 0, 1
104, 37.43, 31.754, 135.12, 0, 0, 0, 1
104, 36.433, 31.569, 135.142, 0, 0, 0, 1
104, 32.263, 30.705, 135.148, 0, 0, 0, 1
104, 30.549, 30.157, 135.172, 0, 0, 0, 1
104, 27.894, 29.277, 135.182, 0, 0, 0, 1
104, 26.683, 28.78, 135.198, 0, 0, 0, 1
104, 23.466, 27.311, 135.205, 0, 0, 0, 1
104, 18.414, 24.269, 135.225, 0, 0, 0, 1
104, 17.907, 23.875, 135.258, 0, 0, 0, 1
104, 15.933, 22.186, 135.262, 0, 0, 0, 1
104, 13.514, 20.213, 135.277, 0, 0, 0, 1
104, 12.251, 18.818, 135.294, 0, 0, 0, 1
104, 9.592, 15.739, 135.305, 0, 0, 0, 1
104, 7.057, 11.535, 135.328, 0, 0, 0, 1
104, 6.558, 10.671, 135.356, 0, 0, 0, 1
104, 5.187, 6.704, 135.361, 0, 0, 0, 1
104, 4.536, 5.024, 135.385, 0, 0, 0, 1
105, 4.94, -0.289, 136.695, 0, 0, 0, 1
105, 4.91, -0.687, 135.425, 0, 0, 0, 1
105, 5.401, -4.87, 135.428, 0, 0, 0, 1
105, 5.563, -6.534, 135.451, 0, 0, 0, 1
105, 5.829, -7.339, 135.461, 0, 0, 0, 1
105, 7.453, -12.037, 135.466, 0, 0, 0, 1
105, 8.815, -14.397, 135.494, 0, 0, 0, 1
105, 10.435, -17.085, 135.509, 0, 0, 0, 1
105, 14.334, -21.593, 135.527, 0, 0, 0, 1
105, 18.292, -24.969, 135.56, 0, 0, 0, 1
105, 19.392, -25.825, 135.59, 0, 0, 0, 1
105, 21.915, -27.331, 135.598, 0, 0, 0, 1
105, 24.187, -28.72, 135.614, 0, 0, 0, 1
105, 28.29, -30.594, 135.629, 0, 0, 0, 1
105, 28.618, -30.711, 135.655, 0, 0, 0, 1
105, 31.797, -31.633, 135.657, 0, 0, 0, 1
105, 33.249, -32.189, 135.675, 0, 0, 0, 1
105, 36.973, -32.961, 135.684, 0, 0, 0, 1
105, 38.415, -33.227, 135.706, 0, 0, 0, 1
105, 41.868, -33.57, 135.714, 0, 0, 0, 1
105, 43.918, -33.695, 135.734, 0, 0, 0, 1
105, 47.23, -33.665, 135.745, 0, 0, 0, 1
105, 49.744, -33.511, 135.764, 0, 0, 0, 1
105, 52.683, -33.153, 135.778, 0, 0, 0, 1
105, 55.469, -32.639, 135.795, 0, 0, 0, 1
105, 58.008, -32.031, 135.811, 0, 0, 0, 1
105, 60.044, -31.273, 135.825, 0, 0, 0, 1
105, 66.094, -28.956, 135.838, 0, 0, 0, 1
105, 67.929, -28.018, 135.874, 0, 0, 0, 1
105, 69.432, -26.985, 135.886, 0, 0, 0, 1
105, 74.677, -23.258, 135.896, 0, 0, 0, 1
105, 75.918, -22.146, 135.933, 0, 0, 0, 1
105, 80.802, -16.265, 135.942, 0, 0, 0, 1
105, 81.529, -15.091, 135.985, 0, 0, 0, 1
105, 82.085, -13.779, 135.993, 0, 0, 0, 1
105, 84.398, -8.601, 136.001, 0, 0, 0, 1
105, 84.687, -7.437, 136.033, 0, 0, 0, 1
105, 84.801, -6.036, 136.04, 0, 0, 0, 1
105, 85.562, -0.67, 136.048, 0, 0, 0, 1
105, 85.461, 0.564, 136.078, 0, 0, 0, 1
105, 84.701, 5.92, 136.085, 0, 0, 0, 1
105, 84.393, 7.161, 136.116, 0, 0, 0, 1
105, 83.828, 8.492, 136.123, 0, 0, 0, 1
105, 81.539, 13.617, 136.131, 0, 0, 0, 1
105, 80.801, 14.808, 136.163, 0, 0, 0, 1
105, 75.916, 20.688, 136.171, 0, 0, 0, 1
105, 74.686, 21.792, 136.214, 0, 0, 0, 1
105, 72.953, 22.987, 136.223, 0, 0, 0, 1
105, 67.912, 26.567, 136.235, 0, 0, 0, 1
105, 66.099, 27.495, 136.27, 0, 0, 0, 1
105, 63.634, 28.417, 136.281, 0, 0, 0, 1
105, 57.996, 30.575, 136.296, 0, 0, 0, 1
105, 55.467, 31.181, 136.33, 0, 0, 0, 1
105, 52.68, 31.695, 136.345, 0, 0, 0, 1
105, 49.741, 32.053, 136.361, 0, 0, 0, 1
105, 47.228, 32.206, 136.378, 0, 0, 0, 1
105, 43.917, 32.236, 136.392, 0, 0, 0, 1
105, 41.866, 32.111, 136.411, 0, 0, 0, 1
105, 38.413, 31.768, 136.422, 0, 0, 0, 1
105, 36.971, 31.502, 136.442, 0, 0, 0, 1
105, 33.194, 30.719, 136.45, 0, 0, 0, 1
105, 28.411, 29.184, 136.472, 0, 0, 0, 1
105, 24.182, 27.259, 136.5, 0, 0, 0, 1
105, 19.4, 24.371, 136.527, 0, 0, 0, 1
105, 18.294, 23.512, 136.558, 0, 0, 0, 1
105, 14.337, 20.137, 136.566, 0, 0, 0, 1
105, 10.437, 15.629, 136.595, 0, 0, 0, 1
105, 8.817, 12.942, 136.629, 0, 0, 0, 1
105, 7.454, 10.581, 136.647, 0, 0, 0, 1
105, 5.83, 5.883, 136.662, 0, 0, 0, 1
105, 5.557, 5.06, 136.69, 0, 0, 0, 1
106, 6.034, 1.066, 137.995, 0, 0, 0, 1
106, 5.903, -0.687, 136.717, 0, 0, 0, 1
106, 6.07, -2.112, 136.727, 0, 0, 0, 1
106, 6.29, -4.587, 136.735, 0, 0, 0, 1
106, 6.492, -6.475, 136.749, 0, 0, 0, 1
106, 7.257, -8.786, 136.76, 0, 0, 0, 1
106, 8.349, -11.947, 136.774, 0, 0, 0, 1
106, 10.575, -15.804, 136.793, 0, 0, 0, 1
106, 11.282, -16.976, 136.818, 0, 0, 0, 1
106, 13.229, -19.231, 136.826, 0, 0, 0, 1
106, 15.024, -21.414, 136.843, 0, 0, 0, 1
106, 15.491, -21.879, 136.858, 0, 0, 0, 1
106, 18.681, -24.609, 136.862, 0, 0, 0, 1
106, 20.378, -25.927, 136.886, 0, 0, 0, 1
106, 22.117, -26.965, 136.898, 0, 0, 0, 1
106, 24.901, -28.668, 136.909, 0, 0, 0, 1
106, 28.747, -30.406, 136.928, 0, 0, 0, 1
106, 31.797, -31.291, 136.952, 0, 0, 0, 1
106, 34.18, -32.203, 136.97, 0, 0, 0, 1
106, 37.512, -32.893, 136.984, 0, 0, 0, 1
106, 39.398, -33.241, 137.003, 0, 0, 0, 1
106, 42.493, -33.549, 137.014, 0, 0, 0, 1
106, 44.945, -33.699, 137.032, 0, 0, 0, 1
106, 47.912, -33.672, 137.046, 0, 0, 0, 1
106, 50.781, -33.496, 137.062, 0, 0, 0, 1
106, 53.413, -33.175, 137.079, 0, 0, 0, 1
106, 56.507, -32.604, 137.094, 0, 0, 0, 1
106, 58.774, -32.061, 137.111, 0, 0, 0, 1
106, 60.594, -31.384, 137.124, 0, 0, 0, 1
106, 67.11, -28.889, 137.135, 0, 0, 0, 1
106, 68.74, -28.055, 137.175, 0, 0, 0, 1
106, 70.08, -27.134, 137.185, 0, 0, 0, 1
106, 75.649, -23.178, 137.194, 0, 0, 0, 1
106, 76.745, -22.194, 137.233, 0, 0, 0, 1
106, 81.726, -16.195, 137.241, 0, 0, 0, 1
106, 82.365, -15.164, 137.285, 0, 0, 0, 1
106, 82.859, -13.996, 137.292, 0, 0, 0, 1
106, 85.287, -8.56, 137.299, 0, 0, 0, 1
106, 85.539, -7.546, 137.333, 0, 0, 0, 1
106, 85.641, -6.296, 137.339, 0, 0, 0, 1
106, 86.439, -0.67, 137.346, 0, 0, 0, 1
106, 86.35, 0.412, 137.378, 0, 0, 0, 1
106, 85.554, 6.03, 137.384, 0, 0, 0, 1
106, 85.282, 7.121, 137.416, 0, 0, 0, 1
106, 84.781, 8.302, 137.422, 0, 0, 0, 1
106, 82.374, 13.69, 137.43, 0, 0, 0, 1
106, 81.725, 14.738, 137.463, 0, 0, 0, 1
106, 76.743, 20.737, 137.47, 0, 0, 0, 1
106, 75.657, 21.711, 137.514, 0, 0, 0, 1
106, 74.107, 22.78, 137.522, 0, 0, 0, 1
106, 68.723, 26.605, 137.533, 0, 0, 0, 1
106, 67.114, 27.428, 137.57, 0, 0, 0, 1
106, 64.907, 28.253, 137.58, 0, 0, 0, 1
106, 58.762, 30.605, 137.594, 0, 0, 0, 1
106, 56.504, 31.146, 137.631, 0, 0, 0, 1
106, 53.41, 31.717, 137.644, 0, 0, 0, 1
106, 50.778, 32.037, 137.662, 0, 0, 0, 1
106, 47.909, 32.213, 137.677, 0, 0, 0, 1
106, 44.943, 32.24, 137.693, 0, 0, 0, 1
106, 42.49, 32.09, 137.71, 0, 0, 0, 1
106, 39.396, 31.782, 137.724, 0, 0, 0, 1
106, 37.51, 31.434, 137.741, 0, 0, 0, 1
106, 34.124, 30.732, 137.752, 0, 0, 0, 1
106, 29.707, 29.318, 137.771, 0, 0, 0, 1
106, 26.882, 28.114, 137.798, 0, 0, 0, 1
106, 24.902, 27.21, 137.815, 0, 0, 0, 1
106, 20.385, 24.473, 137.827, 0, 0, 0, 1
106, 18.684, 23.151, 137.857, 0, 0, 0, 1
106, 15.494, 20.423, 137.869, 0, 0, 0, 1
106, 15.026, 19.958, 137.893, 0, 0, 0, 1
106, 13.229, 17.772, 137.897, 0, 0, 0, 1
106, 11.284, 15.52, 137.913, 0, 0, 0, 1
106, 10.578, 14.349, 137.929, 0, 0, 0, 1
106, 8.351, 10.491, 137.937, 0, 0, 0, 1
106, 7.258, 7.33, 137.962, 0, 0, 0, 1
106, 6.489, 5.009, 137.981, 0, 0, 0, 1
107, 7.128, 2.42, 139.295, 0, 0, 0, 1
107, 6.959, 0.156, 138.009, 0, 0, 0, 1
107, 6.863, -0.747, 138.022, 0, 0, 0, 1
107, 7.088, -3.281, 138.027, 0, 0, 0, 1
107, 7.424, -6.424, 138.042, 0, 0, 0, 1
107, 8.684, -10.233, 138.06, 0, 0, 0, 1
107, 9.246, -11.859, 138.082, 0, 0, 0, 1
107, 12.15, -16.909, 138.092, 0, 0, 0, 1
107, 15.624, -21.142, 138.125, 0, 0, 0, 1
107, 16.758, -22.269, 138.156, 0, 0, 0, 1
107, 19.07, -24.247, 138.165, 0, 0, 0, 1
107, 21.369, -26.033, 138.182, 0, 0, 0, 1
107, 25.631, -28.617, 138.198, 0, 0, 0, 1
107, 29.09, -30.163, 138.227, 0, 0, 0, 1
107, 31.798, -30.948, 138.248, 0, 0, 0, 1
107, 35.111, -32.217, 138.264, 0, 0, 0, 1
107, 38.052, -32.826, 138.284, 0, 0, 0, 1
107, 40.381, -33.256, 138.301, 0, 0, 0, 1
107, 43.117, -33.527, 138.314, 0, 0, 0, 1
107, 45.972, -33.702, 138.33, 0, 0, 0, 1
107, 48.594, -33.678, 138.346, 0, 0, 0, 1
107, 51.818, -33.481, 138.361, 0, 0, 0, 1
107, 54.143, -33.197, 138.379, 0, 0, 0, 1
107, 57.546, -32.569, 138.392, 0, 0, 0, 1
107, 59.541, -32.092, 138.412, 0, 0, 0, 1
107, 61.144, -31.495, 138.423, 0, 0, 0, 1
107, 68.125, -28.821, 138.433, 0, 0, 0, 1
107, 69.55, -28.092, 138.475, 0, 0, 0, 1
107, 70.728, -27.283, 138.484, 0, 0, 0, 1
107, 76.62, -23.097, 138.492, 0, 0, 0, 1
107, 77.572, -22.243, 138.533, 0, 0, 0, 1
107, 82.65, -16.125, 138.54, 0, 0, 0, 1
107, 83.201, -15.236, 138.585, 0, 0, 0, 1
107, 83.634, -14.212, 138.591, 0, 0, 0, 1
107, 86.177, -8.52, 138.598, 0, 0, 0, 1
107, 86.391, -7.655, 138.633, 0, 0, 0, 1
107, 86.481, -6.556, 138.638, 0, 0, 0, 1
107, 87.316, -0.67, 138.644, 0, 0, 0, 1
107, 87.24, 0.26, 138.678, 0, 0, 0, 1
107, 86.406, 6.139, 138.683, 0, 0, 0, 1
107, 86.172, 7.08, 138.716, 0, 0, 0, 1
107, 85.734, 8.112, 138.722, 0, 0, 0, 1
107, 83.21, 13.762, 138.728, 0, 0, 0, 1
107, 82.649, 14.667, 138.763, 0, 0, 0, 1
107, 77.57, 20.786, 138.769, 0, 0, 0, 1
107, 76.628, 21.631, 138.814, 0, 0, 0, 1
107, 75.262, 22.573, 138.821, 0, 0, 0, 1
107, 69.533, 26.642, 138.831, 0, 0, 0, 1
107, 68.129, 27.36, 138.87, 0, 0, 0, 1
107, 66.18, 28.089, 138.879, 0, 0, 0, 1
107, 59.528, 30.636, 138.891, 0, 0, 0, 1
107, 57.542, 31.111, 138.931, 0, 0, 0, 1
107, 54.14, 31.739, 138.943, 0, 0, 0, 1
107, 51.815, 32.022, 138.962, 0, 0, 0, 1
107, 48.591, 32.219, 138.976, 0, 0, 0, 1
107, 45.969, 32.243, 138.994, 0, 0, 0, 1
107, 43.114, 32.068, 139.009, 0, 0, 0, 1
107, 40.379, 31.797, 139.025, 0, 0, 0, 1
107, 38.049, 31.366, 139.04, 0, 0, 0, 1
107, 35.055, 30.746, 139.054, 0, 0, 0, 1
107, 31.151, 29.496, 139.071, 0, 0, 0, 1
107, 25.718, 27.181, 139.094, 0, 0, 0, 1
107, 25.584, 27.13, 139.127, 0, 0, 0, 1
107, 21.37, 24.575, 139.128, 0, 0, 0, 1
107, 19.072, 22.789, 139.156, 0, 0, 0, 1
107, 16.761, 20.813, 139.173, 0, 0, 0, 1
107, 15.626, 19.685, 139.19, 0, 0, 0, 1
107, 12.152, 15.452, 139.199, 0, 0, 0, 1
107, 9.247, 10.402, 139.23, 0, 0, 0, 1
107, 8.685, 8.776, 139.263, 0, 0, 0, 1
107, 7.421, 4.958, 139.272, 0, 0, 0, 1
108, 8.222, 3.775, 140.595, 0, 0, 0, 1
108, 8.139, 2.659, 139.301, 0, 0, 0, 1
108, 7.777, -0.747, 139.308, 0, 0, 0, 1
108, 7.886, -1.975, 139.327, 0, 0, 0, 1
108, 8.356, -6.373, 139.334, 0, 0, 0, 1
108, 10.112, -11.68, 139.359, 0, 0, 0, 1
108, 10.142, -11.768, 139.391, 0, 0, 0, 1
108, 10.489, -12.369, 139.391, 0, 0, 0, 1
108, 12.986, -16.874, 139.395, 0, 0, 0, 1
108, 13.647, -17.733, 139.424, 0, 0, 0, 1
108, 16.224, -20.868, 139.43, 0, 0, 0, 1
108, 18.025, -22.659, 139.453, 0, 0, 0, 1
108, 19.459, -23.885, 139.468, 0, 0, 0, 1
108, 22.35, -26.131, 139.478, 0, 0, 0, 1
108, 26.437, -28.58, 139.499, 0, 0, 0, 1
108, 29.437, -29.92, 139.526, 0, 0, 0, 1
108, 31.798, -30.605, 139.544, 0, 0, 0, 1
108, 36.042, -32.23, 139.558, 0, 0, 0, 1
108, 38.591, -32.758, 139.584, 0, 0, 0, 1
108, 41.365, -33.27, 139.599, 0, 0, 0, 1
108, 43.742, -33.506, 139.615, 0, 0, 0, 1
108, 46.998, -33.705, 139.628, 0, 0, 0, 1
108, 49.276, -33.685, 139.647, 0, 0, 0, 1
108, 52.855, -33.465, 139.659, 0, 0, 0, 1
108, 54.873, -33.22, 139.68, 0, 0, 0, 1
108, 58.584, -32.534, 139.691, 0, 0, 0, 1
108, 60.307, -32.122, 139.712, 0, 0, 0, 1
108, 61.693, -31.606, 139.722, 0, 0, 0, 1
108, 69.141, -28.754, 139.731, 0, 0, 0, 1
108, 70.361, -28.13, 139.776, 0, 0, 0, 1
108, 71.375, -27.433, 139.784, 0, 0, 0, 1
108, 77.591, -23.016, 139.791, 0, 0, 0, 1
108, 78.399, -22.291, 139.834, 0, 0, 0, 1
108, 83.574, -16.055, 139.84, 0, 0, 0, 1
108, 84.036, -15.309, 139.886, 0, 0, 0, 1
108, 84.409, -14.429, 139.891, 0, 0, 0, 1
108, 87.066, -8.479, 139.896, 0, 0, 0, 1
108, 87.244, -7.765, 139.933, 0, 0, 0, 1
108, 87.321, -6.817, 139.937, 0, 0, 0, 1
108, 88.193, -0.67, 139.942, 0, 0, 0, 1
108, 88.129, 0.108, 139.977, 0, 0, 0, 1
108, 87.258, 6.249, 139.982, 0, 0, 0, 1
108, 87.061, 7.039, 140.017, 0, 0, 0, 1
108, 86.687, 7.921, 140.021, 0, 0, 0, 1
108, 84.046, 13.835, 140.027, 0, 0, 0, 1
108, 83.573, 14.597, 140.063, 0, 0, 0, 1
108, 78.397, 20.835, 140.068, 0, 0, 0, 1
108, 77.599, 21.55, 140.114, 0, 0, 0, 1
108, 76.416, 22.366, 140.12, 0, 0, 0, 1
108, 70.343, 26.68, 140.128, 0, 0, 0, 1
108, 69.145, 27.293, 140.171, 0, 0, 0, 1
108, 67.452, 27.926, 140.178, 0, 0, 0, 1
108, 60.294, 30.666, 140.188, 0, 0, 0, 1
108, 58.58, 31.077, 140.232, 0, 0, 0, 1
108, 54.869, 31.761, 140.242, 0, 0, 0, 1
108, 52.851, 32.007, 140.263, 0, 0, 0, 1
108, 49.273, 32.226, 140.274, 0, 0, 0, 1
108, 46.995, 32.247, 140.295, 0, 0, 0, 1
108, 43.739, 32.047, 140.308, 0, 0, 0, 1
108, 41.362, 31.811, 140.326, 0, 0, 0, 1
108, 38.589, 31.299, 140.339, 0, 0, 0, 1
108, 35.985, 30.759, 140.355, 0, 0, 0, 1
108, 32.596, 29.674, 140.37, 0, 0, 0, 1
108, 27.851, 27.652, 140.391, 0, 0, 0, 1
108, 26.389, 27.093, 140.42, 0, 0, 0, 1
108, 22.351, 24.673, 140.428, 0, 0, 0, 1
108, 19.46, 22.428, 140.455, 0, 0, 0, 1
108, 18.027, 21.202, 140.476, 0, 0, 0, 1
108, 16.226, 19.411, 140.486, 0, 0, 0, 1
108, 13.649, 16.277, 140.501, 0, 0, 0, 1
108, 12.988, 15.417, 140.524, 0, 0, 0, 1
108, 10.489, 10.91, 140.53, 0, 0, 0, 1
108, 10.149, 10.322, 140.559, 0, 0, 0, 1
108, 8.353, 4.907, 140.563, 0, 0, 0, 1
109, 8.691, -0.74, 141.895, 0, 0, 0, 1
109, 9.287, -6.332, 140.627, 0, 0, 0, 1
109, 10.891, -11.428, 140.659, 0, 0, 0, 1
109, 11.087, -11.925, 140.689, 0, 0, 0, 1
109, 13.067, -15.512, 140.692, 0, 0, 0, 1
109, 13.792, -16.792, 140.715, 0, 0, 0, 1
109, 15.147, -18.555, 140.723, 0, 0, 0, 1
109, 16.825, -20.595, 140.736, 0, 0, 0, 1
109, 19.292, -23.049, 140.751, 0, 0, 0, 1
109, 19.845, -23.521, 140.77, 0, 0, 0, 1
109, 22.849, -25.836, 140.775, 0, 0, 0, 1
109, 23.602, -26.371, 140.796, 0, 0, 0, 1
109, 27.247, -28.545, 140.801, 0, 0, 0, 1
109, 29.784, -29.678, 140.825, 0, 0, 0, 1
109, 31.798, -30.263, 140.841, 0, 0, 0, 1
109, 36.973, -32.244, 140.853, 0, 0, 0, 1
109, 39.131, -32.691, 140.884, 0, 0, 0, 1
109, 42.348, -33.285, 140.897, 0, 0, 0, 1
109, 44.367, -33.485, 140.915, 0, 0, 0, 1
109, 48.025, -33.709, 140.926, 0, 0, 0, 1
109, 49.958, -33.691, 140.947, 0, 0, 0, 1
109, 53.892, -33.45, 140.958, 0, 0, 0, 1
109, 55.603, -33.242, 140.98, 0, 0, 0, 1
109, 59.622, -32.5, 140.99, 0, 0, 0, 1
109, 61.074, -32.152, 141.013, 0, 0, 0, 1
109, 62.243, -31.717, 141.022, 0, 0, 0, 1
109, 70.157, -28.686, 141.029, 0, 0, 0, 1
109, 71.171, -28.167, 141.077, 0, 0, 0, 1
109, 72.023, -27.583, 141.083, 0, 0, 0, 1
109, 78.562, -22.936, 141.089, 0, 0, 0, 1
109, 79.231, -22.336, 141.134, 0, 0, 0, 1
109, 79.796, -21.663, 141.139, 0, 0, 0, 1
109, 84.498, -15.985, 141.144, 0, 0, 0, 1
109, 84.872, -15.381, 141.186, 0, 0, 0, 1
109, 85.183, -14.645, 141.19, 0, 0, 0, 1
109, 87.956, -8.438, 141.194, 0, 0, 0, 1
109, 88.096, -7.874, 141.233, 0, 0, 0, 1
109, 88.161, -7.077, 141.236, 0, 0, 0, 1
109, 89.069, -0.67, 141.241, 0, 0, 0, 1
109, 89.018, -0.044, 141.277, 0, 0, 0, 1
109, 88.11, 6.358, 141.281, 0, 0, 0, 1
109, 87.951, 6.999, 141.317, 0, 0, 0, 1
109, 87.64, 7.731, 141.321, 0, 0, 0, 1
109, 84.881, 13.907, 141.325, 0, 0, 0, 1
109, 84.497, 14.527, 141.364, 0, 0, 0, 1
109, 79.224, 20.884, 141.368, 0, 0, 0, 1
109, 78.57, 21.47, 141.415, 0, 0, 0, 1
109, 77.57, 22.159, 141.419, 0, 0, 0, 1
109, 71.153, 26.718, 141.426, 0, 0, 0, 1
109, 70.16, 27.226, 141.471, 0, 0, 0, 1
109, 68.725, 27.762, 141.477, 0, 0, 0, 1
109, 61.06, 30.696, 141.486, 0, 0, 0, 1
109, 59.618, 31.042, 141.532, 0, 0, 0, 1
109, 55.599, 31.783, 141.541, 0, 0, 0, 1
109, 53.888, 31.992, 141.564, 0, 0, 0, 1
109, 49.955, 32.232, 141.573, 0, 0, 0, 1
109, 48.021, 32.25, 141.596, 0, 0, 0, 1
109, 44.363, 32.026, 141.607, 0, 0, 0, 1
109, 42.345, 31.825, 141.627, 0, 0, 0, 1
109, 39.128, 31.231, 141.639, 0, 0, 0, 1
109, 36.916, 30.773, 141.657, 0, 0, 0, 1
109, 34.04, 29.852, 141.67, 0, 0, 0, 1
109, 29.984, 28.124, 141.687, 0, 0, 0, 1
109, 27.198, 27.057, 141.712, 0, 0, 0, 1
109, 23.62, 24.923, 141.729, 0, 0, 0, 1
109, 21.503, 23.351, 141.752, 0, 0, 0, 1
109, 19.848, 22.066, 141.767, 0, 0, 0, 1
109, 19.293, 21.591, 141.779, 0, 0, 0, 1
109, 16.826, 19.137, 141.783, 0, 0, 0, 1
109, 15.149, 17.098, 141.803, 0, 0, 0, 1
109, 13.798, 15.341, 141.818, 0, 0, 0, 1
109, 11.087, 10.465, 141.83, 0, 0, 0, 1
109, 10.892, 9.971, 141.862, 0, 0, 0, 1
109, 9.287, 4.874, 141.865, 0, 0, 0, 1
110, 9.611, -0.06, 143.195, 0, 0, 0, 1
110, 9.563, -0.7, 141.922, 0, 0, 0, 1
110, 10.049, -5.313, 141.925, 0, 0, 0, 1
110, 10.108, -6.1, 141.951, 0, 0, 0, 1
110, 10.281, -6.851, 141.956, 0, 0, 0, 1
110, 11.535, -10.829, 141.96, 0, 0, 0, 1
110, 12.06, -12.161, 141.984, 0, 0, 0, 1
110, 13.501, -14.772, 141.992, 0, 0, 0, 1
110, 14.603, -16.716, 142.009, 0, 0, 0, 1
110, 16.647, -19.376, 142.021, 0, 0, 0, 1
110, 17.425, -20.322, 142.04, 0, 0, 0, 1
110, 20.374, -23.257, 142.047, 0, 0, 0, 1
110, 23.0, -25.259, 142.071, 0, 0, 0, 1
110, 25.053, -26.717, 142.089, 0, 0, 0, 1
110, 28.058, -28.51, 142.104, 0, 0, 0, 1
110, 30.13, -29.436, 142.123, 0, 0, 0, 1
110, 31.798, -29.92, 142.136, 0, 0, 0, 1
110, 37.905, -32.258, 142.146, 0, 0, 0, 1
110, 39.67, -32.623, 142.183, 0, 0, 0, 1
110, 43.332, -33.299, 142.193, 0, 0, 0, 1
110, 44.992, -33.464, 142.214, 0, 0, 0, 1
110, 49.052, -33.712, 142.224, 0, 0, 0, 1
110, 50.64, -33.698, 142.247, 0, 0, 0, 1
110, 54.929, -33.435, 142.256, 0, 0, 0, 1
110, 56.333, -33.264, 142.28, 0, 0, 0, 1
110, 60.66, -32.465, 142.288, 0, 0, 0, 1
110, 61.832, -32.184, 142.313, 0, 0, 0, 1
110, 71.174, -28.618, 142.319, 0, 0, 0, 1
110, 71.982, -28.205, 142.376, 0, 0, 0, 1
110, 72.67, -27.732, 142.381, 0, 0, 0, 1
110, 79.534, -22.855, 142.386, 0, 0, 0, 1
110, 80.054, -22.389, 142.433, 0, 0, 0, 1
110, 85.422, -15.914, 142.437, 0, 0, 0, 1
110, 85.708, -15.453, 142.485, 0, 0, 0, 1
110, 85.958, -14.862, 142.488, 0, 0, 0, 1
110, 88.845, -8.398, 142.492, 0, 0, 0, 1
110, 88.948, -7.983, 142.532, 0, 0, 0, 1
110, 89.001, -7.337, 142.534, 0, 0, 0, 1
110, 89.946, -0.67, 142.538, 0, 0, 0, 1
110, 89.908, -0.197, 142.576, 0, 0, 0, 1
110, 88.962, 6.467, 142.578, 0, 0, 0, 1
110, 88.84, 6.958, 142.616, 0, 0, 0, 1
110, 88.594, 7.54, 142.619, 0, 0, 0, 1
110, 85.717, 13.98, 142.623, 0, 0, 0, 1
110, 85.421, 14.457, 142.663, 0, 0, 0, 1
110, 80.051, 20.933, 142.666, 0, 0, 0, 1
110, 79.541, 21.39, 142.713, 0, 0, 0, 1
110, 78.725, 21.953, 142.717, 0, 0, 0, 1
110, 71.963, 26.756, 142.723, 0, 0, 0, 1
110, 71.17, 27.161, 142.77, 0, 0, 0, 1
110, 61.828, 30.727, 142.775, 0, 0, 0, 1
110, 60.656, 31.007, 142.831, 0, 0, 0, 1
110, 56.329, 31.806, 142.838, 0, 0, 0, 1
110, 54.925, 31.977, 142.863, 0, 0, 0, 1
110, 50.636, 32.239, 142.871, 0, 0, 0, 1
110, 49.048, 32.253, 142.895, 0, 0, 0, 1
110, 44.987, 32.004, 142.904, 0, 0, 0, 1
110, 43.328, 31.84, 142.927, 0, 0, 0, 1
110, 39.666, 31.164, 142.937, 0, 0, 0, 1
110, 37.846, 30.787, 142.958, 0, 0, 0, 1
110, 35.485, 30.03, 142.968, 0, 0, 0, 1
110, 32.117, 28.595, 142.982, 0, 0, 0, 1
110, 28.008, 27.022, 143.003, 0, 0, 0, 1
110, 25.07, 25.269, 143.028, 0, 0, 0, 1
110, 20.662, 21.997, 143.047, 0, 0, 0, 1
110, 20.35, 21.775, 143.078, 0, 0, 0, 1
110, 17.426, 18.864, 143.08, 0, 0, 0, 1
110, 16.648, 17.919, 143.103, 0, 0, 0, 1
110, 14.607, 15.264, 143.11, 0, 0, 0, 1
110, 12.059, 10.699, 143.129, 0, 0, 0, 1
110, 11.536, 9.372, 143.159, 0, 0, 0, 1
110, 10.282, 5.393, 143.167, 0, 0, 0, 1
110, 10.101, 4.613, 143.19, 0, 0, 0, 1
111, 10.551, 0.887, 144.495, 0, 0, 0, 1
111, 10.431, -0.7, 143.214, 0, 0, 0, 1
111, 10.787, -4.081, 143.223, 0, 0, 0, 1
111, 10.913, -5.76, 143.242, 0, 0, 0, 1
111, 11.309, -7.468, 143.252, 0, 0, 0, 1
111, 12.179, -10.231, 143.262, 0, 0, 0, 1
111, 13.033, -12.397, 143.278, 0, 0, 0, 1
111, 13.936, -14.032, 143.291, 0, 0, 0, 1
111, 15.413, -16.64, 143.302, 0, 0, 0, 1
111, 18.088, -20.112, 143.319, 0, 0, 0, 1
111, 21.086, -23.109, 143.344, 0, 0, 0, 1
111, 23.155, -24.686, 143.368, 0, 0, 0, 1
111, 26.503, -27.064, 143.382, 0, 0, 0, 1
111, 28.869, -28.475, 143.405, 0, 0, 0, 1
111, 30.477, -29.194, 143.421, 0, 0, 0, 1
111, 31.798, -29.577, 143.431, 0, 0, 0, 1
111, 38.836, -32.271, 143.439, 0, 0, 0, 1
111, 40.209, -32.556, 143.481, 0, 0, 0, 1
111, 44.315, -33.313, 143.489, 0, 0, 0, 1
111, 45.616, -33.443, 143.513, 0, 0, 0, 1
111, 50.078, -33.715, 143.52, 0, 0, 0, 1
111, 51.322, -33.704, 143.546, 0, 0, 0, 1
111, 55.966, -33.42, 143.553, 0, 0, 0, 1
111, 57.063, -33.286, 143.579, 0, 0, 0, 1
111, 61.699, -32.43, 143.585, 0, 0, 0, 1
111, 62.598, -32.215, 143.612, 0, 0, 0, 1
111, 72.189, -28.551, 143.617, 0, 0, 0, 1
111, 72.792, -28.242, 143.675, 0, 0, 0, 1
111, 73.318, -27.881, 143.679, 0, 0, 0, 1
111, 80.505, -22.775, 143.682, 0, 0, 0, 1
111, 80.881, -22.437, 143.732, 0, 0, 0, 1
111, 86.346, -15.844, 143.735, 0, 0, 0, 1
111, 86.543, -15.526, 143.783, 0, 0, 0, 1
111, 86.733, -15.079, 143.786, 0, 0, 0, 1
111, 89.735, -8.357, 143.788, 0, 0, 0, 1
111, 89.8, -8.093, 143.83, 0, 0, 0, 1
111, 89.841, -7.597, 143.831, 0, 0, 0, 1
111, 90.823, -0.67, 143.834, 0, 0, 0, 1
111, 90.797, -0.348, 143.874, 0, 0, 0, 1
111, 89.815, 6.577, 143.876, 0, 0, 0, 1
111, 89.73, 6.918, 143.915, 0, 0, 0, 1
111, 89.547, 7.35, 143.917, 0, 0, 0, 1
111, 86.552, 14.053, 143.92, 0, 0, 0, 1
111, 86.345, 14.387, 143.961, 0, 0, 0, 1
111, 80.878, 20.981, 143.963, 0, 0, 0, 1
111, 80.512, 21.309, 144.012, 0, 0, 0, 1
111, 79.879, 21.746, 144.015, 0, 0, 0, 1
111, 72.773, 26.793, 144.019, 0, 0, 0, 1
111, 72.185, 27.094, 144.068, 0, 0, 0, 1
111, 62.594, 30.757, 144.072, 0, 0, 0, 1
111, 61.694, 30.973, 144.13, 0, 0, 0, 1
111, 57.058, 31.828, 144.135, 0, 0, 0, 1
111, 55.962, 31.961, 144.162, 0, 0, 0, 1
111, 51.318, 32.245, 144.168, 0, 0, 0, 1
111, 50.074, 32.257, 144.194, 0, 0, 0, 1
111, 45.612, 31.983, 144.201, 0, 0, 0, 1
111, 44.311, 31.854, 144.227, 0, 0, 0, 1
111, 40.205, 31.096, 144.234, 0, 0, 0, 1
111, 38.777, 30.8, 144.258, 0, 0, 0, 1
111, 36.929, 30.208, 144.266, 0, 0, 0, 1
111, 34.25, 29.067, 144.277, 0, 0, 0, 1
111, 28.819, 26.987, 144.293, 0, 0, 0, 1
111, 26.519, 25.615, 144.326, 0, 0, 0, 1
111, 23.012, 23.011, 144.341, 0, 0, 0, 1
111, 21.062, 21.625, 144.366, 0, 0, 0, 1
111, 18.088, 18.654, 144.379, 0, 0, 0, 1
111, 15.416, 15.186, 144.403, 0, 0, 0, 1
111, 13.031, 10.933, 144.428, 0, 0, 0, 1
111, 12.18, 8.773, 144.455, 0, 0, 0, 1
111, 11.309, 6.009, 144.469, 0, 0, 0, 1
111, 10.906, 4.272, 144.485, 0, 0, 0, 1
112, 11.492, 1.834, 145.795, 0, 0, 0, 1
112, 11.3, -0.7, 144.507, 0, 0, 0, 1
112, 11.526, -2.849, 144.521, 0, 0, 0, 1
112, 11.719, -5.42, 144.533, 0, 0, 0, 1
112, 12.336, -8.084, 144.548, 0, 0, 0, 1
112, 12.823, -9.632, 144.564, 0, 0, 0, 1
112, 14.003, -12.625, 144.573, 0, 0, 0, 1
112, 16.219, -16.556, 144.591, 0, 0, 0, 1
112, 18.085, -18.939, 144.616, 0, 0, 0, 1
112, 19.576, -20.74, 144.633, 0, 0, 0, 1
112, 21.797, -22.959, 144.647, 0, 0, 0, 1
112, 23.31, -24.113, 144.664, 0, 0, 0, 1
112, 27.954, -27.411, 144.675, 0, 0, 0, 1
112, 29.68, -28.441, 144.707, 0, 0, 0, 1
112, 30.824, -28.952, 144.719, 0, 0, 0, 1
112, 31.799, -29.235, 144.726, 0, 0, 0, 1
112, 39.767, -32.285, 144.732, 0, 0, 0, 1
112, 40.749, -32.488, 144.78, 0, 0, 0, 1
112, 45.298, -33.328, 144.785, 0, 0, 0, 1
112, 46.241, -33.421, 144.812, 0, 0, 0, 1
112, 51.105, -33.719, 144.817, 0, 0, 0, 1
112, 52.004, -33.711, 144.844, 0, 0, 0, 1
112, 57.003, -33.404, 144.849, 0, 0, 0, 1
112, 57.793, -33.308, 144.878, 0, 0, 0, 1
112, 62.737, -32.395, 144.882, 0, 0, 0, 1
112, 63.373, -32.243, 144.911, 0, 0, 0, 1
112, 63.893, -32.05, 144.914, 0, 0, 0, 1
112, 73.204, -28.484, 144.918, 0, 0, 0, 1
112, 73.589, -28.287, 144.974, 0, 0, 0, 1
112, 81.477, -22.693, 144.976, 0, 0, 0, 1
112, 81.708, -22.486, 145.031, 0, 0, 0, 1
112, 87.27, -15.774, 145.033, 0, 0, 0, 1
112, 87.389, -15.582, 145.082, 0, 0, 0, 1
112, 90.624, -8.318, 145.083, 0, 0, 0, 1
112, 90.653, -8.202, 145.128, 0, 0, 0, 1
112, 90.681, -7.857, 145.129, 0, 0, 0, 1
112, 91.7, -0.67, 145.131, 0, 0, 0, 1
112, 91.686, -0.501, 145.172, 0, 0, 0, 1
112, 90.667, 6.686, 145.173, 0, 0, 0, 1
112, 90.619, 6.877, 145.214, 0, 0, 0, 1
112, 90.5, 7.159, 145.215, 0, 0, 0, 1
112, 87.388, 14.125, 145.217, 0, 0, 0, 1
112, 87.269, 14.317, 145.26, 0, 0, 0, 1
112, 81.705, 21.03, 145.261, 0, 0, 0, 1
112, 81.473, 21.238, 145.31, 0, 0, 0, 1
112, 73.585, 26.83, 145.312, 0, 0, 0, 1
112, 73.2, 27.027, 145.367, 0, 0, 0, 1
112, 63.36, 30.787, 145.369, 0, 0, 0, 1
112, 62.732, 30.938, 145.429, 0, 0, 0, 1
112, 57.788, 31.85, 145.432, 0, 0, 0, 1
112, 56.998, 31.946, 145.461, 0, 0, 0, 1
112, 52.0, 32.252, 145.465, 0, 0, 0, 1
112, 51.1, 32.26, 145.493, 0, 0, 0, 1
112, 46.236, 31.962, 145.499, 0, 0, 0, 1
112, 45.294, 31.868, 145.526, 0, 0, 0, 1
112, 40.744, 31.028, 145.531, 0, 0, 0, 1
112, 39.708, 30.814, 145.558, 0, 0, 0, 1
112, 38.373, 30.386, 145.564, 0, 0, 0, 1
112, 36.383, 29.538, 145.571, 0, 0, 0, 1
112, 29.629, 26.952, 145.584, 0, 0, 0, 1
112, 27.969, 25.961, 145.625, 0, 0, 0, 1
112, 25.362, 24.026, 145.635, 0, 0, 0, 1
112, 21.771, 21.475, 145.654, 0, 0, 0, 1
112, 19.587, 19.291, 145.679, 0, 0, 0, 1
112, 16.214, 15.087, 145.696, 0, 0, 0, 1
112, 14.004, 11.167, 145.727, 0, 0, 0, 1
112, 12.824, 8.174, 145.752, 0, 0, 0, 1
112, 12.336, 6.626, 145.77, 0, 0, 0, 1
112, 11.712, 3.932, 145.779, 0, 0, 0, 1
113, 12.432, 2.781, 147.095, 0, 0, 0, 1
113, 12.168, -0.7, 145.8, 0, 0, 0, 1
113, 12.265, -1.617, 145.819, 0, 0, 0, 1
113, 12.524, -5.08, 145.825, 0, 0, 0, 1
113, 13.363, -8.701, 145.844, 0, 0, 0, 1
113, 13.467, -9.033, 145.865, 0, 0, 0, 1
113, 14.443, -11.507, 145.867, 0, 0, 0, 1
113, 14.819, -12.449, 145.882, 0, 0, 0, 1
113, 15.091, -13.057, 145.888, 0, 0, 0, 1
113, 16.893, -16.241, 145.892, 0, 0, 0, 1
113, 18.093, -17.774, 145.912, 0, 0, 0, 1
113, 21.09, -21.393, 145.923, 0, 0, 0, 1
113, 22.507, -22.809, 145.95, 0, 0, 0, 1
113, 23.466, -23.539, 145.961, 0, 0, 0, 1
113, 29.404, -27.758, 145.968, 0, 0, 0, 1
113, 30.491, -28.406, 146.009, 0, 0, 0, 1
113, 31.17, -28.71, 146.016, 0, 0, 0, 1
113, 31.799, -28.892, 146.021, 0, 0, 0, 1
113, 40.698, -32.299, 146.024, 0, 0, 0, 1
113, 41.288, -32.421, 146.078, 0, 0, 0, 1
113, 46.282, -33.342, 146.081, 0, 0, 0, 1
113, 46.866, -33.4, 146.11, 0, 0, 0, 1
113, 52.131, -33.722, 146.113, 0, 0, 0, 1
113, 52.686, -33.717, 146.143, 0, 0, 0, 1
113, 58.04, -33.389, 146.146, 0, 0, 0, 1
113, 58.523, -33.33, 146.177, 0, 0, 0, 1
113, 63.775, -32.361, 146.179, 0, 0, 0, 1
113, 64.14, -32.273, 146.21, 0, 0, 0, 1
113, 64.443, -32.16, 146.212, 0, 0, 0, 1
113, 74.22, -28.416, 146.214, 0, 0, 0, 1
113, 74.399, -28.324, 146.273, 0, 0, 0, 1
113, 82.448, -22.613, 146.274, 0, 0, 0, 1
113, 82.536, -22.534, 146.33, 0, 0, 0, 1
113, 88.194, -15.703, 146.33, 0, 0, 0, 1
113, 88.225, -15.655, 146.38, 0, 0, 0, 1
113, 91.506, -8.293, 146.381, 0, 0, 0, 1
113, 91.521, -8.118, 146.426, 0, 0, 0, 1
113, 92.577, -0.67, 146.427, 0, 0, 0, 1
113, 92.575, -0.653, 146.47, 0, 0, 0, 1
113, 91.519, 6.795, 146.47, 0, 0, 0, 1
113, 91.509, 6.837, 146.512, 0, 0, 0, 1
113, 91.453, 6.969, 146.513, 0, 0, 0, 1
113, 88.223, 14.198, 146.513, 0, 0, 0, 1
113, 88.193, 14.247, 146.558, 0, 0, 0, 1
113, 82.532, 21.079, 146.559, 0, 0, 0, 1
113, 82.444, 21.157, 146.609, 0, 0, 0, 1
113, 74.394, 26.868, 146.609, 0, 0, 0, 1
113, 74.216, 26.96, 146.665, 0, 0, 0, 1
113, 64.126, 30.818, 146.666, 0, 0, 0, 1
113, 63.77, 30.903, 146.727, 0, 0, 0, 1
113, 58.518, 31.872, 146.729, 0, 0, 0, 1
113, 58.035, 31.931, 146.76, 0, 0, 0, 1
113, 52.681, 32.258, 146.762, 0, 0, 0, 1
113, 52.126, 32.263, 146.793, 0, 0, 0, 1
113, 46.86, 31.941, 146.796, 0, 0, 0, 1
113, 46.277, 31.883, 146.826, 0, 0, 0, 1
113, 41.284, 30.961, 146.829, 0, 0, 0, 1
113, 40.638, 30.827, 146.858, 0, 0, 0, 1
113, 39.818, 30.564, 146.861, 0, 0, 0, 1
113, 38.516, 30.01, 146.866, 0, 0, 0, 1
113, 30.44, 26.917, 146.874, 0, 0, 0, 1
113, 29.419, 26.308, 146.923, 0, 0, 0, 1
113, 27.713, 25.041, 146.93, 0, 0, 0, 1
113, 22.481, 21.324, 146.942, 0, 0, 0, 1
113, 21.099, 19.943, 146.978, 0, 0, 0, 1
113, 18.83, 17.114, 146.989, 0, 0, 0, 1
113, 16.879, 14.757, 147.01, 0, 0, 0, 1
113, 15.102, 11.618, 147.027, 0, 0, 0, 1
113, 14.436, 10.031, 147.047, 0, 0, 0, 1
113, 13.467, 7.575, 147.057, 0, 0, 0, 1
113, 13.363, 7.242, 147.072, 0, 0, 0, 1
113, 12.517, 3.592, 147.074, 0, 0, 0, 1
114, 13.157, 0.028, 148.395, 0, 0, 0, 1
114, 13.041, -0.795, 147.118, 0, 0, 0, 1
114, 13.285, -3.999, 147.123, 0, 0, 0, 1
114, 13.502, -5.536, 147.141, 0, 0, 0, 1
114, 14.21, -8.632, 147.15, 0, 0, 0, 1
114, 14.845, -10.222, 147.168, 0, 0, 0, 1
114, 16.743, -14.471, 147.178, 0, 0, 0, 1
114, 17.567, -15.926, 147.204, 0, 0, 0, 1
114, 18.101, -16.609, 147.213, 0, 0, 0, 1
114, 22.604, -22.045, 147.218, 0, 0, 0, 1
114, 23.218, -22.659, 147.258, 0, 0, 0, 1
114, 23.621, -22.966, 147.263, 0, 0, 0, 1
114, 30.855, -28.104, 147.266, 0, 0, 0, 1
114, 31.302, -28.371, 147.316, 0, 0, 0, 1
114, 31.517, -28.467, 147.319, 0, 0, 0, 1
114, 31.799, -28.549, 147.32, 0, 0, 0, 1
114, 41.61, -32.305, 147.322, 0, 0, 0, 1
114, 47.267, -33.357, 147.381, 0, 0, 0, 1
114, 47.49, -33.379, 147.414, 0, 0, 0, 1
114, 53.158, -33.726, 147.415, 0, 0, 0, 1
114, 53.368, -33.724, 147.447, 0, 0, 0, 1
114, 59.077, -33.374, 147.448, 0, 0, 0, 1
114, 59.253, -33.352, 147.481, 0, 0, 0, 1
114, 64.813, -32.326, 147.482, 0, 0, 0, 1
114, 64.906, -32.304, 147.514, 0, 0, 0, 1
114, 64.993, -32.271, 147.514, 0, 0, 0, 1
114, 75.22, -28.355, 147.515, 0, 0, 0, 1
114, 83.384, -22.557, 147.577, 0, 0, 0, 1
114, 89.083, -15.676, 147.633, 0, 0, 0, 1
114, 92.383, -8.281, 147.684, 0, 0, 0, 1
114, 93.446, -0.729, 147.73, 0, 0, 0, 1
114, 92.381, 6.834, 147.773, 0, 0, 0, 1
114, 89.082, 14.219, 147.816, 0, 0, 0, 1
114, 83.38, 21.102, 147.861, 0, 0, 0, 1
114, 75.215, 26.899, 147.912, 0, 0, 0, 1
114, 64.892, 30.848, 147.969, 0, 0, 0, 1
114, 64.807, 30.868, 148.031, 0, 0, 0, 1
114, 59.247, 31.894, 148.032, 0, 0, 0, 1
114, 59.072, 31.916, 148.064, 0, 0, 0, 1
114, 53.363, 32.265, 148.065, 0, 0, 0, 1
114, 53.153, 32.267, 148.097, 0, 0, 0, 1
114, 47.485, 31.919, 148.098, 0, 0, 0, 1
114, 47.26, 31.897, 148.13, 0, 0, 0, 1
114, 41.822, 30.893, 148.131, 0, 0, 0, 1
114, 41.569, 30.841, 148.163, 0, 0, 0, 1
114, 41.262, 30.742, 148.164, 0, 0, 0, 1
114, 40.649, 30.481, 148.166, 0, 0, 0, 1
114, 31.25, 26.882, 148.17, 0, 0, 0, 1
114, 30.868, 26.654, 148.227, 0, 0, 0, 1
114, 30.063, 26.056, 148.229, 0, 0, 0, 1
114, 23.191, 21.173, 148.235, 0, 0, 0, 1
114, 22.612, 20.595, 148.282, 0, 0, 0, 1
114, 21.528, 19.243, 148.287, 0, 0, 0, 1
114, 17.552, 14.442, 148.297, 0, 0, 0, 1
114, 16.754, 13.031, 148.332, 0, 0, 0, 1
114, 15.495, 10.029, 148.341, 0, 0, 0, 1
114, 14.201, 7.134, 148.36, 0, 0, 0, 1
114, 13.515, 4.13, 148.378, 0, 0, 0, 1
114, 13.157, 0.028, 148.395, 0, 0, 0, 1
114, 13.041, -0.795, 148.395, 0, 0, 0, 1
114, 13.285, -3.999, 148.395, 0, 0, 0, 1
114, 13.502, -5.536, 148.395, 0, 0, 0, 1
114, 14.21, -8.632, 148.395, 0, 0, 0, 1
114, 14.845, -10.222, 148.395, 0, 0, 0, 1
114, 16.743, -14.471, 148.395, 0, 0, 0, 1
114, 17.567, -15.926, 148.395, 0, 0, 0, 1
114, 18.101, -16.609, 148.395, 0, 0, 0, 1
114, 22.604, -22.045, 148.395, 0, 0, 0, 1
114, 23.218, -22.659, 148.395, 0, 0, 0, 1
114, 23.621, -22.966, 148.395, 0, 0, 0, 1
114, 30.855, -28.104, 148.395, 0, 0, 0, 1
114, 31.302, -28.371, 148.395, 0, 0, 0, 1
114, 31.517, -28.467, 148.395, 0, 0, 0, 1
114, 31.799, -28.549, 148.395, 0, 0, 0, 1
114, 41.61, -32.305, 148.395, 0, 0, 0, 1
114, 47.267, -33.357, 148.395, 0, 0, 0, 1
114, 47.49, -33.379, 148.395, 0, 0, 0, 1
114, 53.158, -33.726, 148.395, 0, 0, 0, 1
114, 53.368, -33.724, 148.395, 0, 0, 0, 1
114, 59.077, -33.374, 148.395, 0, 0, 0, 1
114, 59.253, -33.352, 148.395, 0, 0, 0, 1
114, 64.813, -32.326, 148.395, 0, 0, 0, 1
114, 64.906, -32.304, 148.395, 0, 0, 0, 1
114, 64.993, -32.271, 148.395, 0, 0, 0, 1
114, 75.22, -28.355, 148.395, 0, 0, 0, 1
114, 83.384, -22.557, 148.395, 0, 0, 0, 1
114, 89.083, -15.676, 148.395, 0, 0, 0, 1
114, 92.383, -8.281, 148.395, 0, 0, 0, 1
114, 93.446, -0.729, 148.395, 0, 0, 0, 1
114, 92.381, 6.834, 148.395, 0, 0, 0, 1
114, 89.082, 14.219, 148.395, 0, 0, 0, 1
114, 83.38, 21.102, 148.395, 0, 0, 0, 1
114, 75.215, 26.899, 148.395, 0, 0, 0, 1
114, 64.892, 30.848, 148.395, 0, 0, 0, 1
114, 64.807, 30.868, 148.395, 0, 0, 0, 1
114, 59.247, 31.894, 148.395, 0, 0, 0, 1
114, 59.072, 31.916, 148.395, 0, 0, 0, 1
114, 53.363, 32.265, 148.395, 0, 0, 0, 1
114, 53.153, 32.267, 148.395, 0, 0, 0, 1
114, 47.485, 31.919, 148.395, 0, 0, 0, 1
114, 47.26, 31.897, 148.395, 0, 0, 0, 1
114, 41.822, 30.893, 148.395, 0, 0, 0, 1
114, 41.569, 30.841, 148.395, 0, 0, 0, 1
114, 41.262, 30.742, 148.395, 0, 0, 0, 1
114, 40.649, 30.481, 148.395, 0, 0, 0, 1
114, 31.25, 26.882, 148.395, 0, 0, 0, 1
114, 30.868, 26.654, 148.395, 0, 0, 0, 1
114, 30.063, 26.056, 148.395, 0, 0, 0, 1
114, 23.191, 21.173, 148.395, 0, 0, 0, 1
114, 22.612, 20.595, 148.395, 0, 0, 0, 1
114, 21.528, 19.243, 148.395, 0, 0, 0, 1
114, 17.552, 14.442, 148.395, 0, 0, 0, 1
114, 16.754, 13.031, 148.395, 0, 0, 0, 1
114, 15.495, 10.029, 148.395, 0, 0, 0, 1
114, 14.201, 7.134, 148.395, 0, 0, 0, 1
114, 13.515, 4.13, 148.395, 0, 0, 0, 1
